date,year,month,day,x,y
20030518,2003,05,18,307170.0,3390600.0
20030518,2003,05,18,307170.0,3390570.0
20030518,2003,05,18,307170.0,3390540.0
20030518,2003,05,18,307170.0,3390510.0
20030518,2003,05,18,307200.0,3390480.0
20030518,2003,05,18,307200.0,3390450.0
20030518,2003,05,18,307200.0,3390420.0
20030518,2003,05,18,307200.0,3390390.0
20030518,2003,05,18,307200.0,3390360.0
20030518,2003,05,18,307200.0,3390330.0
20030518,2003,05,18,307200.0,3390300.0
20030518,2003,05,18,307230.0,3390270.0
20030518,2003,05,18,307230.0,3390240.0
20030518,2003,05,18,307230.0,3390210.0
20030518,2003,05,18,307230.0,3390180.0
20030518,2003,05,18,307260.0,3390180.0
20030518,2003,05,18,307260.0,3390150.0
20030518,2003,05,18,307290.0,3390120.0
20030518,2003,05,18,307290.0,3390090.0
20030518,2003,05,18,307290.0,3390060.0
20030518,2003,05,18,307320.0,3390030.0
20030518,2003,05,18,307320.0,3390000.0
20030518,2003,05,18,307320.0,3389970.0
20030518,2003,05,18,307350.0,3389940.0
20030518,2003,05,18,307350.0,3389910.0
20030518,2003,05,18,307350.0,3389880.0
20030518,2003,05,18,307350.0,3389850.0
20030518,2003,05,18,307380.0,3389820.0
20030518,2003,05,18,307380.0,3389790.0
20030518,2003,05,18,307380.0,3389760.0
20030518,2003,05,18,307380.0,3389730.0
20030518,2003,05,18,307410.0,3389700.0
20030518,2003,05,18,307410.0,3389670.0
20030518,2003,05,18,307410.0,3389640.0
20030518,2003,05,18,307410.0,3389610.0
20030518,2003,05,18,307410.0,3389580.0
20030518,2003,05,18,307410.0,3389550.0
20030518,2003,05,18,307410.0,3389520.0
20030518,2003,05,18,307410.0,3389490.0
20030518,2003,05,18,307410.0,3389460.0
20030518,2003,05,18,307410.0,3389430.0
20030518,2003,05,18,307410.0,3389400.0
20030518,2003,05,18,307410.0,3389370.0
20030518,2003,05,18,307410.0,3389340.0
20030518,2003,05,18,307410.0,3389310.0
20030518,2003,05,18,307410.0,3389280.0
20030518,2003,05,18,307410.0,3389250.0
20030518,2003,05,18,307410.0,3389220.0
20030518,2003,05,18,307410.0,3389190.0
20030518,2003,05,18,307410.0,3389160.0
20030518,2003,05,18,307410.0,3389130.0
20030518,2003,05,18,307410.0,3389100.0
20030518,2003,05,18,307410.0,3389070.0
20030518,2003,05,18,307410.0,3389040.0
20030518,2003,05,18,307410.0,3389010.0
20030518,2003,05,18,307410.0,3388980.0
20030518,2003,05,18,307410.0,3388950.0
20030518,2003,05,18,307410.0,3388920.0
20030518,2003,05,18,307410.0,3388890.0
20030518,2003,05,18,307440.0,3388860.0
20030518,2003,05,18,307440.0,3388830.0
20030518,2003,05,18,307440.0,3388800.0
20030518,2003,05,18,307440.0,3388770.0
20030518,2003,05,18,307440.0,3388740.0
20030518,2003,05,18,307440.0,3388710.0
20030518,2003,05,18,307440.0,3388680.0
20030518,2003,05,18,307440.0,3388650.0
20030518,2003,05,18,307440.0,3388620.0
20030518,2003,05,18,307440.0,3388590.0
20030518,2003,05,18,307440.0,3388560.0
20030518,2003,05,18,307470.0,3388530.0
20030518,2003,05,18,307470.0,3388500.0
20030518,2003,05,18,307470.0,3388470.0
20030518,2003,05,18,307470.0,3388440.0
20030518,2003,05,18,307470.0,3388410.0
20030518,2003,05,18,307470.0,3388380.0
20030518,2003,05,18,307470.0,3388350.0
20030518,2003,05,18,307470.0,3388320.0
20030518,2003,05,18,307470.0,3388290.0
20030518,2003,05,18,307500.0,3388260.0
20030518,2003,05,18,307500.0,3388230.0
20030518,2003,05,18,307500.0,3388200.0
20030518,2003,05,18,307530.0,3388200.0
20030518,2003,05,18,307530.0,3388170.0
20030518,2003,05,18,307530.0,3388140.0
20030518,2003,05,18,307560.0,3388140.0
20030518,2003,05,18,307560.0,3388110.0
20030518,2003,05,18,307560.0,3388080.0
20030518,2003,05,18,307590.0,3388050.0
20030518,2003,05,18,307590.0,3388020.0
20030518,2003,05,18,307590.0,3387990.0
20030518,2003,05,18,307590.0,3387960.0
20030518,2003,05,18,307590.0,3387930.0
20030518,2003,05,18,307590.0,3387900.0
20030518,2003,05,18,307590.0,3387870.0
20030518,2003,05,18,307590.0,3387840.0
20030518,2003,05,18,307590.0,3387810.0
20030518,2003,05,18,307590.0,3387780.0
20030518,2003,05,18,307590.0,3387750.0
20030518,2003,05,18,307590.0,3387720.0
20030518,2003,05,18,307590.0,3387690.0
20030518,2003,05,18,307590.0,3387660.0
20030518,2003,05,18,307560.0,3387660.0
20030518,2003,05,18,307560.0,3387630.0
20030518,2003,05,18,307560.0,3387600.0
20030518,2003,05,18,307530.0,3387600.0
20030518,2003,05,18,307530.0,3387570.0
20030518,2003,05,18,307500.0,3387570.0
20030518,2003,05,18,307500.0,3387540.0
20030518,2003,05,18,307470.0,3387540.0
20030518,2003,05,18,307440.0,3387540.0
20030518,2003,05,18,307440.0,3387510.0
20030518,2003,05,18,307410.0,3387510.0
20030518,2003,05,18,307410.0,3387480.0
20030518,2003,05,18,307380.0,3387480.0
20030518,2003,05,18,307350.0,3387480.0
20030518,2003,05,18,307350.0,3387450.0
20030518,2003,05,18,307320.0,3387450.0
20030518,2003,05,18,307290.0,3387450.0
20030518,2003,05,18,307260.0,3387450.0
20030518,2003,05,18,307230.0,3387450.0
20030518,2003,05,18,307200.0,3387450.0
20030518,2003,05,18,307170.0,3387450.0
20030518,2003,05,18,307140.0,3387450.0
20030518,2003,05,18,307110.0,3387450.0
20030518,2003,05,18,307080.0,3387450.0
20030518,2003,05,18,307050.0,3387450.0
20030518,2003,05,18,307020.0,3387420.0
20030518,2003,05,18,306990.0,3387420.0
20030518,2003,05,18,306960.0,3387420.0
20030518,2003,05,18,306930.0,3387420.0
20030518,2003,05,18,306900.0,3387420.0
20030518,2003,05,18,306870.0,3387390.0
20030518,2003,05,18,306840.0,3387390.0
20030518,2003,05,18,306810.0,3387390.0
20030518,2003,05,18,306810.0,3387360.0
20030518,2003,05,18,306780.0,3387360.0
20030518,2003,05,18,306750.0,3387360.0
20030518,2003,05,18,306750.0,3387330.0
20030518,2003,05,18,306720.0,3387330.0
20030518,2003,05,18,306720.0,3387300.0
20030518,2003,05,18,306690.0,3387300.0
20030518,2003,05,18,306690.0,3387270.0
20030518,2003,05,18,306660.0,3387270.0
20030518,2003,05,18,306660.0,3387240.0
20030518,2003,05,18,306630.0,3387240.0
20030518,2003,05,18,306630.0,3387210.0
20030518,2003,05,18,306630.0,3387180.0
20030518,2003,05,18,306600.0,3387180.0
20030518,2003,05,18,306600.0,3387150.0
20030518,2003,05,18,306570.0,3387150.0
20030518,2003,05,18,306570.0,3387120.0
20030518,2003,05,18,306540.0,3387120.0
20030518,2003,05,18,306540.0,3387090.0
20030518,2003,05,18,306510.0,3387090.0
20030518,2003,05,18,306510.0,3387060.0
20030518,2003,05,18,306480.0,3387060.0
20030518,2003,05,18,306480.0,3387030.0
20030518,2003,05,18,306450.0,3387030.0
20030518,2003,05,18,306450.0,3387000.0
20030518,2003,05,18,306420.0,3387000.0
20030518,2003,05,18,306420.0,3386970.0
20030518,2003,05,18,306390.0,3386970.0
20030518,2003,05,18,306360.0,3386970.0
20030518,2003,05,18,306360.0,3386940.0
20030518,2003,05,18,306330.0,3386940.0
20030518,2003,05,18,306300.0,3386940.0
20030518,2003,05,18,306270.0,3386910.0
20030518,2003,05,18,306240.0,3386910.0
20030518,2003,05,18,306210.0,3386910.0
20030518,2003,05,18,306180.0,3386910.0
20030518,2003,05,18,306150.0,3386910.0
20030518,2003,05,18,306120.0,3386910.0
20030518,2003,05,18,306090.0,3386880.0
20030518,2003,05,18,306060.0,3386880.0
20030518,2003,05,18,306030.0,3386880.0
20030518,2003,05,18,306000.0,3386850.0
20030518,2003,05,18,305970.0,3386850.0
20030518,2003,05,18,305940.0,3386850.0
20030518,2003,05,18,305910.0,3386850.0
20030518,2003,05,18,305880.0,3386850.0
20030518,2003,05,18,305880.0,3386820.0
20030518,2003,05,18,305850.0,3386820.0
20030518,2003,05,18,305820.0,3386820.0
20030518,2003,05,18,305820.0,3386790.0
20030518,2003,05,18,305790.0,3386790.0
20030518,2003,05,18,305760.0,3386790.0
20030518,2003,05,18,305760.0,3386760.0
20030518,2003,05,18,305730.0,3386760.0
20030518,2003,05,18,305700.0,3386760.0
20030518,2003,05,18,305700.0,3386730.0
20030518,2003,05,18,305670.0,3386730.0
20030518,2003,05,18,305640.0,3386730.0
20030518,2003,05,18,305640.0,3386700.0
20030518,2003,05,18,305610.0,3386700.0
20030518,2003,05,18,305580.0,3386700.0
20030518,2003,05,18,305550.0,3386670.0
20030518,2003,05,18,305520.0,3386670.0
20030518,2003,05,18,305490.0,3386670.0
20030518,2003,05,18,305460.0,3386640.0
20030518,2003,05,18,305430.0,3386640.0
20030518,2003,05,18,305400.0,3386640.0
20030518,2003,05,18,305370.0,3386610.0
20030518,2003,05,18,305340.0,3386610.0
20030518,2003,05,18,305340.0,3386580.0
20030518,2003,05,18,305310.0,3386580.0
20030518,2003,05,18,305310.0,3386550.0
20030518,2003,05,18,305280.0,3386550.0
20030518,2003,05,18,305280.0,3386520.0
20030518,2003,05,18,305250.0,3386520.0
20030518,2003,05,18,305250.0,3386490.0
20030518,2003,05,18,305220.0,3386490.0
20030518,2003,05,18,305220.0,3386460.0
20030518,2003,05,18,305190.0,3386460.0
20030518,2003,05,18,305190.0,3386430.0
20030518,2003,05,18,305190.0,3386400.0
20030518,2003,05,18,305190.0,3386370.0
20030518,2003,05,18,305190.0,3386340.0
20030518,2003,05,18,305190.0,3386310.0
20030518,2003,05,18,305190.0,3386280.0
20030518,2003,05,18,305190.0,3386250.0
20030518,2003,05,18,305220.0,3386250.0
20030518,2003,05,18,305220.0,3386220.0
20030518,2003,05,18,305250.0,3386220.0
20030518,2003,05,18,305250.0,3386190.0
20030518,2003,05,18,305250.0,3386160.0
20030518,2003,05,18,305250.0,3386130.0
20030518,2003,05,18,305280.0,3386130.0
20030518,2003,05,18,305280.0,3386100.0
20030518,2003,05,18,305310.0,3386070.0
20030518,2003,05,18,305310.0,3386040.0
20030518,2003,05,18,305310.0,3386010.0
20030518,2003,05,18,305310.0,3385980.0
20030518,2003,05,18,305310.0,3385950.0
20030518,2003,05,18,305310.0,3385920.0
20030518,2003,05,18,305280.0,3385920.0
20030518,2003,05,18,305280.0,3385890.0
20030518,2003,05,18,305250.0,3385890.0
20030518,2003,05,18,305220.0,3385860.0
20030518,2003,05,18,305190.0,3385860.0
20030518,2003,05,18,305190.0,3385830.0
20030518,2003,05,18,305160.0,3385830.0
20030518,2003,05,18,305130.0,3385830.0
20030518,2003,05,18,305130.0,3385800.0
20030518,2003,05,18,305100.0,3385800.0
20030518,2003,05,18,305070.0,3385800.0
20030518,2003,05,18,305070.0,3385770.0
20030518,2003,05,18,305040.0,3385770.0
20030518,2003,05,18,305010.0,3385770.0
20030518,2003,05,18,304980.0,3385740.0
20030518,2003,05,18,304950.0,3385740.0
20030518,2003,05,18,304920.0,3385710.0
20030518,2003,05,18,304890.0,3385710.0
20030518,2003,05,18,304860.0,3385710.0
20030518,2003,05,18,304830.0,3385710.0
20030518,2003,05,18,304830.0,3385680.0
20030518,2003,05,18,304800.0,3385680.0
20030518,2003,05,18,304800.0,3385650.0
20030518,2003,05,18,304800.0,3385620.0
20030518,2003,05,18,304800.0,3385590.0
20030518,2003,05,18,304800.0,3385560.0
20030518,2003,05,18,304800.0,3385530.0
20030518,2003,05,18,304800.0,3385500.0
20030518,2003,05,18,304830.0,3385470.0
20030518,2003,05,18,304830.0,3385440.0
20030518,2003,05,18,304830.0,3385410.0
20030518,2003,05,18,304830.0,3385380.0
20030518,2003,05,18,304860.0,3385380.0
20030518,2003,05,18,304860.0,3385350.0
20030518,2003,05,18,304890.0,3385350.0
20030518,2003,05,18,304890.0,3385320.0
20030518,2003,05,18,304890.0,3385290.0
20030518,2003,05,18,304920.0,3385290.0
20030518,2003,05,18,304920.0,3385260.0
20030518,2003,05,18,304950.0,3385260.0
20030518,2003,05,18,304950.0,3385230.0
20030518,2003,05,18,304980.0,3385230.0
20030518,2003,05,18,304980.0,3385200.0
20030518,2003,05,18,304980.0,3385170.0
20030518,2003,05,18,305010.0,3385170.0
20030518,2003,05,18,305010.0,3385140.0
20030518,2003,05,18,305040.0,3385140.0
20030518,2003,05,18,305040.0,3385110.0
20030518,2003,05,18,305070.0,3385110.0
20030518,2003,05,18,305070.0,3385080.0
20030518,2003,05,18,305100.0,3385080.0
20030518,2003,05,18,305100.0,3385050.0
20030518,2003,05,18,305100.0,3385020.0
20030518,2003,05,18,305130.0,3385020.0
20030518,2003,05,18,305130.0,3384990.0
20030518,2003,05,18,305160.0,3384990.0
20030518,2003,05,18,305160.0,3384960.0
20030518,2003,05,18,305190.0,3384960.0
20030518,2003,05,18,305190.0,3384930.0
20030518,2003,05,18,305190.0,3384900.0
20030518,2003,05,18,305220.0,3384900.0
20030518,2003,05,18,305220.0,3384870.0
20030518,2003,05,18,305250.0,3384870.0
20030518,2003,05,18,305250.0,3384840.0
20030518,2003,05,18,305280.0,3384840.0
20030518,2003,05,18,305280.0,3384810.0
20030518,2003,05,18,305280.0,3384780.0
20030518,2003,05,18,305310.0,3384780.0
20030518,2003,05,18,305310.0,3384750.0
20030518,2003,05,18,305340.0,3384750.0
20030518,2003,05,18,305340.0,3384720.0
20030518,2003,05,18,305370.0,3384720.0
20030518,2003,05,18,305370.0,3384690.0
20030518,2003,05,18,305400.0,3384690.0
20030518,2003,05,18,305430.0,3384690.0
20030518,2003,05,18,305430.0,3384660.0
20030518,2003,05,18,305460.0,3384660.0
20030518,2003,05,18,305460.0,3384630.0
20030518,2003,05,18,305490.0,3384630.0
20030518,2003,05,18,305520.0,3384630.0
20030518,2003,05,18,305520.0,3384600.0
20030518,2003,05,18,305550.0,3384600.0
20030518,2003,05,18,305580.0,3384600.0
20030518,2003,05,18,305610.0,3384600.0
20030518,2003,05,18,305640.0,3384570.0
20030518,2003,05,18,305670.0,3384570.0
20030518,2003,05,18,305700.0,3384540.0
20030518,2003,05,18,305730.0,3384540.0
20030518,2003,05,18,305760.0,3384540.0
20030518,2003,05,18,305790.0,3384510.0
20030518,2003,05,18,305820.0,3384510.0
20030518,2003,05,18,305850.0,3384510.0
20030518,2003,05,18,305880.0,3384510.0
20030518,2003,05,18,305910.0,3384480.0
20030518,2003,05,18,305940.0,3384480.0
20030518,2003,05,18,305970.0,3384480.0
20030518,2003,05,18,306000.0,3384480.0
20030518,2003,05,18,306030.0,3384480.0
20030518,2003,05,18,306060.0,3384480.0
20030518,2003,05,18,306090.0,3384480.0
20030518,2003,05,18,306120.0,3384480.0
20030518,2003,05,18,306150.0,3384480.0
20030518,2003,05,18,306180.0,3384480.0
20030518,2003,05,18,306210.0,3384480.0
20030518,2003,05,18,306240.0,3384480.0
20030518,2003,05,18,306270.0,3384480.0
20030518,2003,05,18,306300.0,3384480.0
20030518,2003,05,18,306330.0,3384480.0
20030518,2003,05,18,306360.0,3384480.0
20030518,2003,05,18,306390.0,3384480.0
20030518,2003,05,18,306420.0,3384480.0
20030518,2003,05,18,306450.0,3384480.0
20030518,2003,05,18,306480.0,3384480.0
20030518,2003,05,18,306510.0,3384480.0
20030518,2003,05,18,306540.0,3384480.0
20030518,2003,05,18,306570.0,3384480.0
20030518,2003,05,18,306600.0,3384480.0
20030518,2003,05,18,306630.0,3384480.0
20030518,2003,05,18,306660.0,3384480.0
20030518,2003,05,18,306690.0,3384480.0
20030518,2003,05,18,306720.0,3384510.0
20030518,2003,05,18,306750.0,3384480.0
20030518,2003,05,18,306780.0,3384480.0
20030518,2003,05,18,306810.0,3384510.0
20030518,2003,05,18,306840.0,3384510.0
20030518,2003,05,18,306870.0,3384510.0
20030518,2003,05,18,306900.0,3384510.0
20030518,2003,05,18,306930.0,3384510.0
20030518,2003,05,18,306960.0,3384510.0
20030518,2003,05,18,306990.0,3384510.0
20030518,2003,05,18,307020.0,3384540.0
20030518,2003,05,18,307050.0,3384540.0
20030518,2003,05,18,307080.0,3384570.0
20030518,2003,05,18,307110.0,3384570.0
20030518,2003,05,18,307140.0,3384570.0
20030518,2003,05,18,307170.0,3384600.0
20030518,2003,05,18,307200.0,3384600.0
20030518,2003,05,18,307230.0,3384600.0
20030518,2003,05,18,307230.0,3384630.0
20030518,2003,05,18,307260.0,3384630.0
20030518,2003,05,18,307290.0,3384630.0
20030518,2003,05,18,307290.0,3384660.0
20030518,2003,05,18,307320.0,3384660.0
20030518,2003,05,18,307350.0,3384660.0
20030518,2003,05,18,307350.0,3384690.0
20030518,2003,05,18,307380.0,3384690.0
20030518,2003,05,18,307410.0,3384690.0
20030518,2003,05,18,307410.0,3384720.0
20030518,2003,05,18,307440.0,3384720.0
20030518,2003,05,18,307470.0,3384720.0
20030518,2003,05,18,307500.0,3384720.0
20030518,2003,05,18,307530.0,3384750.0
20030518,2003,05,18,307560.0,3384750.0
20030518,2003,05,18,307590.0,3384750.0
20030518,2003,05,18,307620.0,3384750.0
20030518,2003,05,18,307650.0,3384780.0
20030518,2003,05,18,307680.0,3384780.0
20030518,2003,05,18,307710.0,3384780.0
20030518,2003,05,18,307740.0,3384780.0
20030518,2003,05,18,307770.0,3384780.0
20030518,2003,05,18,307800.0,3384780.0
20030518,2003,05,18,307830.0,3384780.0
20030518,2003,05,18,307860.0,3384780.0
20030518,2003,05,18,307890.0,3384780.0
20030518,2003,05,18,307920.0,3384780.0
20030518,2003,05,18,307950.0,3384750.0
20030518,2003,05,18,307980.0,3384750.0
20030518,2003,05,18,308010.0,3384750.0
20030518,2003,05,18,308040.0,3384750.0
20030518,2003,05,18,308070.0,3384750.0
20030518,2003,05,18,308100.0,3384750.0
20030518,2003,05,18,308130.0,3384750.0
20030518,2003,05,18,308160.0,3384750.0
20030518,2003,05,18,308190.0,3384750.0
20030518,2003,05,18,308220.0,3384750.0
20030518,2003,05,18,308250.0,3384720.0
20030518,2003,05,18,308280.0,3384720.0
20030518,2003,05,18,308310.0,3384720.0
20030518,2003,05,18,308340.0,3384720.0
20030518,2003,05,18,308370.0,3384720.0
20030518,2003,05,18,308400.0,3384720.0
20030518,2003,05,18,308430.0,3384720.0
20030518,2003,05,18,308460.0,3384720.0
20030518,2003,05,18,308490.0,3384720.0
20030518,2003,05,18,308520.0,3384690.0
20030518,2003,05,18,308550.0,3384690.0
20030518,2003,05,18,308580.0,3384690.0
20030518,2003,05,18,308610.0,3384690.0
20030518,2003,05,18,308640.0,3384690.0
20030518,2003,05,18,308670.0,3384660.0
20030518,2003,05,18,308700.0,3384660.0
20030518,2003,05,18,308730.0,3384660.0
20030518,2003,05,18,308760.0,3384630.0
20030518,2003,05,18,308790.0,3384630.0
20030518,2003,05,18,308820.0,3384630.0
20030518,2003,05,18,308850.0,3384600.0
20030518,2003,05,18,308880.0,3384600.0
20030518,2003,05,18,308910.0,3384570.0
20030518,2003,05,18,308940.0,3384570.0
20030518,2003,05,18,308970.0,3384570.0
20030518,2003,05,18,308970.0,3384540.0
20030518,2003,05,18,309000.0,3384540.0
20030518,2003,05,18,309030.0,3384540.0
20030518,2003,05,18,309030.0,3384510.0
20030518,2003,05,18,309060.0,3384510.0
20030518,2003,05,18,309090.0,3384510.0
20030518,2003,05,18,309090.0,3384480.0
20030518,2003,05,18,309120.0,3384480.0
20030518,2003,05,18,309120.0,3384450.0
20030518,2003,05,18,309150.0,3384450.0
20030518,2003,05,18,309180.0,3384450.0
20030518,2003,05,18,309180.0,3384420.0
20030518,2003,05,18,309210.0,3384420.0
20030518,2003,05,18,309240.0,3384420.0
20030518,2003,05,18,309240.0,3384390.0
20030518,2003,05,18,309270.0,3384390.0
20030518,2003,05,18,309300.0,3384390.0
20030518,2003,05,18,309300.0,3384360.0
20030518,2003,05,18,309330.0,3384360.0
20030518,2003,05,18,309360.0,3384360.0
20030518,2003,05,18,309390.0,3384360.0
20030518,2003,05,18,309390.0,3384330.0
20030518,2003,05,18,309420.0,3384330.0
20030518,2003,05,18,309450.0,3384330.0
20030518,2003,05,18,309480.0,3384300.0
20030518,2003,05,18,309510.0,3384300.0
20030518,2003,05,18,309540.0,3384300.0
20030518,2003,05,18,309570.0,3384300.0
20030518,2003,05,18,309600.0,3384300.0
20030518,2003,05,18,309630.0,3384300.0
20030518,2003,05,18,309660.0,3384300.0
20030518,2003,05,18,309690.0,3384300.0
20030518,2003,05,18,309720.0,3384300.0
20030518,2003,05,18,309750.0,3384300.0
20030518,2003,05,18,309780.0,3384300.0
20030518,2003,05,18,309810.0,3384300.0
20030518,2003,05,18,309840.0,3384300.0
20030518,2003,05,18,309870.0,3384330.0
20030518,2003,05,18,309900.0,3384330.0
20030518,2003,05,18,309930.0,3384330.0
20030518,2003,05,18,309960.0,3384330.0
20030518,2003,05,18,309990.0,3384330.0
20030518,2003,05,18,310020.0,3384330.0
20030518,2003,05,18,310050.0,3384330.0
20030518,2003,05,18,310080.0,3384330.0
20030518,2003,05,18,310110.0,3384330.0
20030518,2003,05,18,310140.0,3384330.0
20030518,2003,05,18,310170.0,3384330.0
20030518,2003,05,18,310200.0,3384330.0
20030518,2003,05,18,310230.0,3384330.0
20030518,2003,05,18,310260.0,3384330.0
20030518,2003,05,18,310290.0,3384330.0
20030518,2003,05,18,310320.0,3384330.0
20030518,2003,05,18,310350.0,3384330.0
20030518,2003,05,18,310380.0,3384330.0
20030518,2003,05,18,310410.0,3384330.0
20030518,2003,05,18,310440.0,3384330.0
20030518,2003,05,18,310470.0,3384330.0
20030518,2003,05,18,310500.0,3384330.0
20030518,2003,05,18,310530.0,3384330.0
20030518,2003,05,18,310560.0,3384330.0
20030518,2003,05,18,310590.0,3384330.0
20030518,2003,05,18,310620.0,3384330.0
20030518,2003,05,18,310650.0,3384330.0
20030518,2003,05,18,310680.0,3384330.0
20030518,2003,05,18,310710.0,3384360.0
20030518,2003,05,18,310740.0,3384360.0
20030518,2003,05,18,310770.0,3384360.0
20030518,2003,05,18,310800.0,3384360.0
20030518,2003,05,18,310830.0,3384360.0
20030518,2003,05,18,310860.0,3384360.0
20030518,2003,05,18,310890.0,3384360.0
20030518,2003,05,18,310920.0,3384360.0
20030518,2003,05,18,310950.0,3384360.0
20030518,2003,05,18,310980.0,3384360.0
20030518,2003,05,18,311010.0,3384360.0
20030518,2003,05,18,311040.0,3384360.0
20030518,2003,05,18,311070.0,3384360.0
20030518,2003,05,18,311100.0,3384360.0
20030518,2003,05,18,311130.0,3384360.0
20030518,2003,05,18,311160.0,3384360.0
20030518,2003,05,18,311190.0,3384360.0
20030518,2003,05,18,311220.0,3384360.0
20030518,2003,05,18,311250.0,3384360.0
20030518,2003,05,18,311280.0,3384360.0
20030518,2003,05,18,311310.0,3384360.0
20030518,2003,05,18,311340.0,3384330.0
20030518,2003,05,18,311370.0,3384330.0
20030518,2003,05,18,311400.0,3384330.0
20030518,2003,05,18,311430.0,3384330.0
20030518,2003,05,18,311460.0,3384330.0
20030518,2003,05,18,311490.0,3384300.0
20030518,2003,05,18,311520.0,3384300.0
20030518,2003,05,18,311550.0,3384300.0
20030518,2003,05,18,311580.0,3384300.0
20030518,2003,05,18,311610.0,3384270.0
20030518,2003,05,18,311640.0,3384270.0
20030518,2003,05,18,311670.0,3384270.0
20030518,2003,05,18,311670.0,3384240.0
20030518,2003,05,18,311700.0,3384240.0
20030518,2003,05,18,311730.0,3384240.0
20030518,2003,05,18,311730.0,3384210.0
20030518,2003,05,18,311760.0,3384210.0
20030518,2003,05,18,311790.0,3384210.0
20030518,2003,05,18,311790.0,3384180.0
20030518,2003,05,18,311820.0,3384180.0
20030518,2003,05,18,311820.0,3384150.0
20030518,2003,05,18,311850.0,3384150.0
20030518,2003,05,18,311880.0,3384150.0
20030518,2003,05,18,311880.0,3384120.0
20030518,2003,05,18,311910.0,3384120.0
20030518,2003,05,18,311940.0,3384120.0
20030518,2003,05,18,311940.0,3384090.0
20030518,2003,05,18,311970.0,3384090.0
20030518,2003,05,18,311970.0,3384060.0
20030518,2003,05,18,312000.0,3384060.0
20030518,2003,05,18,312000.0,3384030.0
20030518,2003,05,18,312030.0,3384030.0
20030518,2003,05,18,312060.0,3384030.0
20030518,2003,05,18,312060.0,3384000.0
20030518,2003,05,18,312090.0,3384000.0
20030518,2003,05,18,312090.0,3383970.0
20030518,2003,05,18,312120.0,3383970.0
20030518,2003,05,18,312120.0,3383940.0
20030518,2003,05,18,312150.0,3383940.0
20030518,2003,05,18,312150.0,3383910.0
20030518,2003,05,18,312180.0,3383910.0
20030518,2003,05,18,312180.0,3383880.0
20030518,2003,05,18,312210.0,3383880.0
20030518,2003,05,18,312210.0,3383850.0
20030518,2003,05,18,312240.0,3383850.0
20030518,2003,05,18,312240.0,3383820.0
20030518,2003,05,18,312270.0,3383820.0
20030518,2003,05,18,312300.0,3383820.0
20030518,2003,05,18,312300.0,3383790.0
20030518,2003,05,18,312330.0,3383790.0
20030518,2003,05,18,312360.0,3383790.0
20030518,2003,05,18,312390.0,3383760.0
20030518,2003,05,18,312420.0,3383760.0
20030518,2003,05,18,312450.0,3383760.0
20030518,2003,05,18,312480.0,3383760.0
20030518,2003,05,18,312510.0,3383760.0
20030518,2003,05,18,312540.0,3383760.0
20030518,2003,05,18,312570.0,3383760.0
20030518,2003,05,18,312600.0,3383760.0
20030518,2003,05,18,312630.0,3383760.0
20030518,2003,05,18,312660.0,3383760.0
20030518,2003,05,18,312690.0,3383760.0
20030518,2003,05,18,312720.0,3383730.0
20030518,2003,05,18,312750.0,3383730.0
20030518,2003,05,18,312780.0,3383730.0
20030518,2003,05,18,312810.0,3383730.0
20030518,2003,05,18,312840.0,3383730.0
20030518,2003,05,18,312870.0,3383730.0
20030518,2003,05,18,312900.0,3383730.0
20030518,2003,05,18,312930.0,3383730.0
20030518,2003,05,18,312960.0,3383700.0
20030518,2003,05,18,312990.0,3383700.0
20030518,2003,05,18,312990.0,3383670.0
20030518,2003,05,18,313020.0,3383670.0
20030518,2003,05,18,313020.0,3383640.0
20030518,2003,05,18,313050.0,3383640.0
20030518,2003,05,18,313050.0,3383610.0
20030518,2003,05,18,313080.0,3383610.0
20030518,2003,05,18,313080.0,3383580.0
20030518,2003,05,18,313110.0,3383580.0
20030518,2003,05,18,313110.0,3383550.0
20030518,2003,05,18,313140.0,3383550.0
20030518,2003,05,18,313140.0,3383520.0
20030518,2003,05,18,313170.0,3383520.0
20030518,2003,05,18,313170.0,3383490.0
20030518,2003,05,18,313170.0,3383460.0
20030518,2003,05,18,313200.0,3383460.0
20030518,2003,05,18,313200.0,3383430.0
20030518,2003,05,18,313230.0,3383430.0
20030518,2003,05,18,313230.0,3383400.0
20030518,2003,05,18,313260.0,3383400.0
20030518,2003,05,18,313260.0,3383370.0
20030518,2003,05,18,313260.0,3383340.0
20030518,2003,05,18,313290.0,3383340.0
20030518,2003,05,18,313290.0,3383310.0
20030518,2003,05,18,313320.0,3383310.0
20030518,2003,05,18,313320.0,3383280.0
20030518,2003,05,18,313350.0,3383280.0
20030518,2003,05,18,313350.0,3383250.0
20030518,2003,05,18,313350.0,3383220.0
20030518,2003,05,18,313380.0,3383220.0
20030518,2003,05,18,313380.0,3383190.0
20030518,2003,05,18,313380.0,3383160.0
20030518,2003,05,18,313410.0,3383160.0
20030518,2003,05,18,313410.0,3383130.0
20030518,2003,05,18,313440.0,3383130.0
20030518,2003,05,18,313440.0,3383100.0
20030518,2003,05,18,313440.0,3383070.0
20030518,2003,05,18,313470.0,3383070.0
20030518,2003,05,18,313470.0,3383040.0
20030518,2003,05,18,313500.0,3383040.0
20030518,2003,05,18,313500.0,3383010.0
20030518,2003,05,18,313500.0,3382980.0
20030518,2003,05,18,313530.0,3382980.0
20030518,2003,05,18,313530.0,3382950.0
20030518,2003,05,18,313530.0,3382920.0
20030518,2003,05,18,313560.0,3382920.0
20030518,2003,05,18,313560.0,3382890.0
20030518,2003,05,18,313560.0,3382860.0
20030518,2003,05,18,313560.0,3382830.0
20030518,2003,05,18,313590.0,3382830.0
20030518,2003,05,18,313590.0,3382800.0
20030518,2003,05,18,313590.0,3382770.0
20030518,2003,05,18,313620.0,3382770.0
20030518,2003,05,18,313620.0,3382740.0
20030518,2003,05,18,313620.0,3382710.0
20030518,2003,05,18,313650.0,3382710.0
20030518,2003,05,18,313650.0,3382680.0
20030518,2003,05,18,313650.0,3382650.0
20030518,2003,05,18,313680.0,3382650.0
20030518,2003,05,18,313680.0,3382620.0
20030518,2003,05,18,313680.0,3382590.0
20030518,2003,05,18,313710.0,3382590.0
20030518,2003,05,18,313710.0,3382560.0
20030518,2003,05,18,313740.0,3382560.0
20030518,2003,05,18,313740.0,3382530.0
20030518,2003,05,18,313740.0,3382500.0
20030518,2003,05,18,313770.0,3382500.0
20030518,2003,05,18,313800.0,3382500.0
20030518,2003,05,18,313800.0,3382470.0
20030518,2003,05,18,313830.0,3382470.0
20030518,2003,05,18,313830.0,3382440.0
20030518,2003,05,18,313860.0,3382440.0
20030518,2003,05,18,313860.0,3382410.0
20030518,2003,05,18,313890.0,3382410.0
20030518,2003,05,18,313920.0,3382410.0
20030518,2003,05,18,313920.0,3382380.0
20030518,2003,05,18,313950.0,3382380.0
20030518,2003,05,18,313950.0,3382350.0
20030518,2003,05,18,313980.0,3382350.0
20030518,2003,05,18,314010.0,3382350.0
20030518,2003,05,18,314010.0,3382320.0
20030518,2003,05,18,314040.0,3382320.0
20030518,2003,05,18,314040.0,3382290.0
20030518,2003,05,18,314070.0,3382290.0
20030518,2003,05,18,314100.0,3382290.0
20030518,2003,05,18,314100.0,3382260.0
20030518,2003,05,18,314130.0,3382260.0
20030518,2003,05,18,314130.0,3382230.0
20030518,2003,05,18,314160.0,3382230.0
20030518,2003,05,18,314190.0,3382230.0
20030518,2003,05,18,314190.0,3382200.0
20030518,2003,05,18,314220.0,3382200.0
20030518,2003,05,18,314250.0,3382200.0
20030518,2003,05,18,314280.0,3382170.0
20030518,2003,05,18,314310.0,3382170.0
20030518,2003,05,18,314340.0,3382170.0
20030518,2003,05,18,314370.0,3382140.0
20030518,2003,05,18,314400.0,3382140.0
20030518,2003,05,18,314430.0,3382140.0
20030518,2003,05,18,314460.0,3382140.0
20030518,2003,05,18,314490.0,3382140.0
20030518,2003,05,18,314520.0,3382140.0
20030518,2003,05,18,314550.0,3382140.0
20030518,2003,05,18,314580.0,3382140.0
20030518,2003,05,18,314610.0,3382140.0
20030518,2003,05,18,314640.0,3382170.0
20030518,2003,05,18,314670.0,3382170.0
20030518,2003,05,18,314700.0,3382170.0
20030518,2003,05,18,314730.0,3382170.0
20030518,2003,05,18,314760.0,3382170.0
20030518,2003,05,18,314790.0,3382170.0
20030518,2003,05,18,314820.0,3382170.0
20030518,2003,05,18,314850.0,3382170.0
20030518,2003,05,18,314880.0,3382170.0
20030518,2003,05,18,314910.0,3382170.0
20030518,2003,05,18,314940.0,3382170.0
20030518,2003,05,18,314970.0,3382170.0
20030518,2003,05,18,315000.0,3382170.0
20030518,2003,05,18,315030.0,3382170.0
20030518,2003,05,18,315060.0,3382170.0
20030518,2003,05,18,315090.0,3382170.0
20030518,2003,05,18,315120.0,3382200.0
20030518,2003,05,18,315150.0,3382200.0
20030518,2003,05,18,315180.0,3382200.0
20030518,2003,05,18,315210.0,3382200.0
20030518,2003,05,18,315240.0,3382200.0
20030518,2003,05,18,315270.0,3382230.0
20030518,2003,05,18,315300.0,3382230.0
20030518,2003,05,18,315330.0,3382230.0
20030518,2003,05,18,315360.0,3382230.0
20030518,2003,05,18,315390.0,3382260.0
20030518,2003,05,18,315420.0,3382260.0
20030518,2003,05,18,315450.0,3382260.0
20030518,2003,05,18,315480.0,3382290.0
20030518,2003,05,18,315510.0,3382290.0
20030518,2003,05,18,315540.0,3382290.0
20030518,2003,05,18,315570.0,3382290.0
20030518,2003,05,18,315600.0,3382320.0
20030518,2003,05,18,315630.0,3382320.0
20030518,2003,05,18,315660.0,3382320.0
20030518,2003,05,18,315690.0,3382320.0
20030518,2003,05,18,315720.0,3382350.0
20030518,2003,05,18,315750.0,3382350.0
20030518,2003,05,18,315780.0,3382350.0
20030518,2003,05,18,315810.0,3382350.0
20030518,2003,05,18,315840.0,3382380.0
20030518,2003,05,18,315870.0,3382380.0
20030518,2003,05,18,315900.0,3382380.0
20030518,2003,05,18,315930.0,3382380.0
20030518,2003,05,18,315960.0,3382380.0
20030518,2003,05,18,315990.0,3382380.0
20030518,2003,05,18,315990.0,3382410.0
20030518,2003,05,18,316020.0,3382410.0
20030518,2003,05,18,316050.0,3382410.0
20030518,2003,05,18,316080.0,3382410.0
20030518,2003,05,18,316110.0,3382410.0
20030518,2003,05,18,316110.0,3382440.0
20030518,2003,05,18,316140.0,3382440.0
20030518,2003,05,18,316170.0,3382440.0
20030518,2003,05,18,316200.0,3382440.0
20030518,2003,05,18,316230.0,3382440.0
20030518,2003,05,18,316260.0,3382440.0
20030518,2003,05,18,316290.0,3382440.0
20030518,2003,05,18,316320.0,3382440.0
20030518,2003,05,18,316350.0,3382440.0
20030518,2003,05,18,316380.0,3382440.0
20030518,2003,05,18,316410.0,3382440.0
20030518,2003,05,18,316440.0,3382470.0
20030518,2003,05,18,316470.0,3382470.0
20030518,2003,05,18,316500.0,3382470.0
20030518,2003,05,18,316500.0,3382500.0
20030518,2003,05,18,316530.0,3382500.0
20030518,2003,05,18,316560.0,3382500.0
20030518,2003,05,18,316590.0,3382530.0
20030518,2003,05,18,316620.0,3382530.0
20030518,2003,05,18,316650.0,3382530.0
20030518,2003,05,18,316680.0,3382530.0
20030518,2003,05,18,316710.0,3382530.0
20030518,2003,05,18,316740.0,3382530.0
20030518,2003,05,18,316770.0,3382530.0
20030518,2003,05,18,316770.0,3382560.0
20030518,2003,05,18,316800.0,3382530.0
20030518,2003,05,18,316830.0,3382530.0
20030518,2003,05,18,316860.0,3382530.0
20030518,2003,05,18,316890.0,3382530.0
20030518,2003,05,18,316920.0,3382530.0
20030518,2003,05,18,316950.0,3382500.0
20030518,2003,05,18,316980.0,3382500.0
20030518,2003,05,18,317010.0,3382500.0
20030518,2003,05,18,317040.0,3382500.0
20030518,2003,05,18,317070.0,3382470.0
20030518,2003,05,18,317100.0,3382470.0
20030518,2003,05,18,317130.0,3382470.0
20030518,2003,05,18,317160.0,3382440.0
20030518,2003,05,18,317190.0,3382440.0
20030518,2003,05,18,317220.0,3382440.0
20030518,2003,05,18,317220.0,3382410.0
20030518,2003,05,18,317250.0,3382410.0
20030518,2003,05,18,317280.0,3382410.0
20030518,2003,05,18,317280.0,3382380.0
20030518,2003,05,18,317310.0,3382380.0
20030518,2003,05,18,317340.0,3382380.0
20030518,2003,05,18,317340.0,3382350.0
20030518,2003,05,18,317370.0,3382350.0
20030518,2003,05,18,317370.0,3382320.0
20030518,2003,05,18,317400.0,3382320.0
20030518,2003,05,18,317430.0,3382320.0
20030518,2003,05,18,317430.0,3382290.0
20030518,2003,05,18,317460.0,3382290.0
20030518,2003,05,18,317460.0,3382260.0
20030518,2003,05,18,317490.0,3382260.0
20030518,2003,05,18,317490.0,3382230.0
20030518,2003,05,18,317520.0,3382230.0
20030518,2003,05,18,317520.0,3382200.0
20030518,2003,05,18,317550.0,3382200.0
20030518,2003,05,18,317580.0,3382200.0
20030518,2003,05,18,317580.0,3382170.0
20030518,2003,05,18,317610.0,3382170.0
20030518,2003,05,18,317610.0,3382140.0
20030518,2003,05,18,317640.0,3382140.0
20030518,2003,05,18,317640.0,3382110.0
20030518,2003,05,18,317670.0,3382110.0
20030518,2003,05,18,317700.0,3382110.0
20030518,2003,05,18,317730.0,3382080.0
20030518,2003,05,18,317760.0,3382080.0
20030518,2003,05,18,317760.0,3382050.0
20030518,2003,05,18,317790.0,3382050.0
20030518,2003,05,18,317820.0,3382050.0
20030518,2003,05,18,317850.0,3382050.0
20030518,2003,05,18,317880.0,3382020.0
20030518,2003,05,18,317910.0,3382020.0
20030518,2003,05,18,317940.0,3382020.0
20030518,2003,05,18,317970.0,3381990.0
20030518,2003,05,18,318000.0,3381990.0
20030518,2003,05,18,318030.0,3381990.0
20030518,2003,05,18,318060.0,3381990.0
20030518,2003,05,18,318090.0,3381960.0
20030518,2003,05,18,318120.0,3381960.0
20030518,2003,05,18,318150.0,3381960.0
20030518,2003,05,18,318180.0,3381960.0
20030518,2003,05,18,318210.0,3381960.0
20030518,2003,05,18,318240.0,3381960.0
20030518,2003,05,18,318270.0,3381960.0
20030518,2003,05,18,318300.0,3381960.0
20030518,2003,05,18,318330.0,3381960.0
20030518,2003,05,18,318360.0,3381960.0
20030518,2003,05,18,318390.0,3381960.0
20030518,2003,05,18,318420.0,3381960.0
20030518,2003,05,18,318450.0,3381960.0
20030518,2003,05,18,318480.0,3381960.0
20030518,2003,05,18,318510.0,3381960.0
20030518,2003,05,18,318540.0,3381960.0
20030518,2003,05,18,318570.0,3381960.0
20030518,2003,05,18,318600.0,3381960.0
20030518,2003,05,18,318630.0,3381930.0
20030518,2003,05,18,318660.0,3381930.0
20030518,2003,05,18,318690.0,3381930.0
20030518,2003,05,18,318720.0,3381930.0
20030518,2003,05,18,318750.0,3381930.0
20030518,2003,05,18,318780.0,3381930.0
20030518,2003,05,18,318810.0,3381900.0
20030518,2003,05,18,318840.0,3381900.0
20030518,2003,05,18,318870.0,3381900.0
20030518,2003,05,18,318870.0,3381870.0
20030518,2003,05,18,318900.0,3381870.0
20030518,2003,05,18,318900.0,3381840.0
20030518,2003,05,18,318930.0,3381840.0
20030518,2003,05,18,318930.0,3381810.0
20030518,2003,05,18,318960.0,3381810.0
20030518,2003,05,18,318960.0,3381780.0
20030518,2003,05,18,318990.0,3381780.0
20030518,2003,05,18,318990.0,3381750.0
20030518,2003,05,18,319020.0,3381750.0
20030518,2003,05,18,319020.0,3381720.0
20030518,2003,05,18,319020.0,3381690.0
20030518,2003,05,18,319050.0,3381690.0
20030518,2003,05,18,319050.0,3381660.0
20030518,2003,05,18,319080.0,3381660.0
20030518,2003,05,18,319080.0,3381630.0
20030518,2003,05,18,319110.0,3381630.0
20030518,2003,05,18,319110.0,3381600.0
20030518,2003,05,18,319140.0,3381600.0
20030518,2003,05,18,319140.0,3381570.0
20030518,2003,05,18,319170.0,3381570.0
20030518,2003,05,18,319170.0,3381540.0
20030518,2003,05,18,319200.0,3381540.0
20030518,2003,05,18,319200.0,3381510.0
20030518,2003,05,18,319230.0,3381510.0
20030518,2003,05,18,319260.0,3381510.0
20030518,2003,05,18,319260.0,3381480.0
20030518,2003,05,18,319290.0,3381480.0
20030518,2003,05,18,319320.0,3381480.0
20030518,2003,05,18,319320.0,3381450.0
20030518,2003,05,18,319350.0,3381450.0
20030518,2003,05,18,319380.0,3381450.0
20030518,2003,05,18,319380.0,3381420.0
20030518,2003,05,18,319410.0,3381420.0
20030518,2003,05,18,319410.0,3381390.0
20030518,2003,05,18,319440.0,3381390.0
20030518,2003,05,18,319470.0,3381390.0
20030518,2003,05,18,319470.0,3381360.0
20030518,2003,05,18,319500.0,3381360.0
20030518,2003,05,18,319530.0,3381360.0
20030518,2003,05,18,319560.0,3381330.0
20030518,2003,05,18,319590.0,3381330.0
20030518,2003,05,18,319620.0,3381330.0
20030518,2003,05,18,319650.0,3381330.0
20030518,2003,05,18,319680.0,3381300.0
20030518,2003,05,18,319710.0,3381300.0
20030518,2003,05,18,319740.0,3381300.0
20030518,2003,05,18,319740.0,3381270.0
20030518,2003,05,18,319770.0,3381270.0
20030518,2003,05,18,319800.0,3381270.0
20030518,2003,05,18,319800.0,3381240.0
20030518,2003,05,18,319830.0,3381240.0
20030518,2003,05,18,319830.0,3381210.0
20030518,2003,05,18,319860.0,3381210.0
20030518,2003,05,18,319890.0,3381210.0
20030518,2003,05,18,319890.0,3381180.0
20030518,2003,05,18,319920.0,3381180.0
20030518,2003,05,18,319920.0,3381150.0
20030518,2003,05,18,319950.0,3381150.0
20030518,2003,05,18,319950.0,3381120.0
20030518,2003,05,18,319980.0,3381120.0
20030518,2003,05,18,319980.0,3381090.0
20030518,2003,05,18,320010.0,3381090.0
20030518,2003,05,18,320010.0,3381060.0
20030518,2003,05,18,320010.0,3381030.0
20030518,2003,05,18,320040.0,3381030.0
20030518,2003,05,18,320040.0,3381000.0
20030518,2003,05,18,320070.0,3381000.0
20030518,2003,05,18,320070.0,3380970.0
20030518,2003,05,18,320070.0,3380940.0
20030518,2003,05,18,320100.0,3380940.0
20030518,2003,05,18,320100.0,3380910.0
20030518,2003,05,18,320100.0,3380880.0
20030518,2003,05,18,320130.0,3380880.0
20030518,2003,05,18,320130.0,3380850.0
20030518,2003,05,18,320160.0,3380850.0
20030518,2003,05,18,320160.0,3380820.0
20030518,2003,05,18,320190.0,3380820.0
20030518,2003,05,18,320220.0,3380820.0
20030518,2003,05,18,320220.0,3380790.0
20030518,2003,05,18,320250.0,3380790.0
20030518,2003,05,18,320280.0,3380790.0
20030518,2003,05,18,320310.0,3380790.0
20030518,2003,05,18,320340.0,3380790.0
20030518,2003,05,18,320370.0,3380790.0
20030518,2003,05,18,320400.0,3380790.0
20030518,2003,05,18,320430.0,3380760.0
20030518,2003,05,18,320460.0,3380760.0
20030518,2003,05,18,320490.0,3380760.0
20030518,2003,05,18,320520.0,3380760.0
20030518,2003,05,18,320550.0,3380760.0
20030518,2003,05,18,320580.0,3380760.0
20030518,2003,05,18,320610.0,3380760.0
20030518,2003,05,18,320640.0,3380760.0
20030518,2003,05,18,320670.0,3380760.0
20030518,2003,05,18,320700.0,3380760.0
20030518,2003,05,18,320730.0,3380760.0
20030518,2003,05,18,320760.0,3380790.0
20030518,2003,05,18,320790.0,3380790.0
20030518,2003,05,18,320820.0,3380790.0
20030518,2003,05,18,320850.0,3380790.0
20030518,2003,05,18,320880.0,3380790.0
20030518,2003,05,18,320910.0,3380790.0
20030518,2003,05,18,320940.0,3380790.0
20030518,2003,05,18,320970.0,3380790.0
20030518,2003,05,18,321000.0,3380790.0
20030518,2003,05,18,321030.0,3380790.0
20030518,2003,05,18,321060.0,3380790.0
20030518,2003,05,18,321090.0,3380820.0
20030518,2003,05,18,321120.0,3380820.0
20030518,2003,05,18,321150.0,3380820.0
20030518,2003,05,18,321180.0,3380820.0
20030518,2003,05,18,321210.0,3380820.0
20030518,2003,05,18,321240.0,3380820.0
20030518,2003,05,18,321270.0,3380820.0
20030518,2003,05,18,321300.0,3380820.0
20030518,2003,05,18,321330.0,3380820.0
20030518,2003,05,18,321360.0,3380820.0
20030518,2003,05,18,321390.0,3380820.0
20030518,2003,05,18,321420.0,3380820.0
20030518,2003,05,18,321450.0,3380820.0
20030518,2003,05,18,321480.0,3380820.0
20030518,2003,05,18,321510.0,3380850.0
20030518,2003,05,18,321540.0,3380850.0
20030518,2003,05,18,321570.0,3380850.0
20030518,2003,05,18,321600.0,3380850.0
20030518,2003,05,18,321630.0,3380850.0
20030518,2003,05,18,321660.0,3380850.0
20030518,2003,05,18,321690.0,3380850.0
20030518,2003,05,18,321720.0,3380850.0
20030518,2003,05,18,321750.0,3380850.0
20030518,2003,05,18,321780.0,3380850.0
20030518,2003,05,18,321810.0,3380820.0
20030518,2003,05,18,321840.0,3380820.0
20030518,2003,05,18,321870.0,3380820.0
20030518,2003,05,18,321900.0,3380820.0
20030518,2003,05,18,321930.0,3380790.0
20030518,2003,05,18,321960.0,3380790.0
20030518,2003,05,18,321990.0,3380790.0
20030518,2003,05,18,322020.0,3380760.0
20030518,2003,05,18,322050.0,3380760.0
20030518,2003,05,18,322080.0,3380760.0
20030518,2003,05,18,322110.0,3380730.0
20030518,2003,05,18,322140.0,3380730.0
20030518,2003,05,18,322140.0,3380700.0
20030518,2003,05,18,322170.0,3380700.0
20030518,2003,05,18,322200.0,3380700.0
20030518,2003,05,18,322200.0,3380670.0
20030518,2003,05,18,322230.0,3380670.0
20030518,2003,05,18,322260.0,3380670.0
20030518,2003,05,18,322260.0,3380640.0
20030518,2003,05,18,322290.0,3380640.0
20030518,2003,05,18,322320.0,3380640.0
20030518,2003,05,18,322320.0,3380610.0
20030518,2003,05,18,322350.0,3380610.0
20030518,2003,05,18,322380.0,3380610.0
20030518,2003,05,18,322380.0,3380580.0
20030518,2003,05,18,322410.0,3380580.0
20030518,2003,05,18,322440.0,3380580.0
20030518,2003,05,18,322470.0,3380550.0
20030518,2003,05,18,322500.0,3380550.0
20030518,2003,05,18,322530.0,3380550.0
20030518,2003,05,18,322560.0,3380550.0
20030518,2003,05,18,322590.0,3380550.0
20030518,2003,05,18,322620.0,3380550.0
20030518,2003,05,18,322650.0,3380550.0
20030518,2003,05,18,322680.0,3380580.0
20030518,2003,05,18,322710.0,3380580.0
20030518,2003,05,18,322740.0,3380580.0
20030518,2003,05,18,322770.0,3380610.0
20030518,2003,05,18,322800.0,3380610.0
20030518,2003,05,18,322830.0,3380610.0
20030518,2003,05,18,322860.0,3380640.0
20030518,2003,05,18,322890.0,3380640.0
20030518,2003,05,18,322920.0,3380640.0
20030518,2003,05,18,322950.0,3380670.0
20030518,2003,05,18,322980.0,3380670.0
20030518,2003,05,18,323010.0,3380670.0
20030518,2003,05,18,323040.0,3380700.0
20030518,2003,05,18,323070.0,3380700.0
20030518,2003,05,18,323100.0,3380700.0
20030518,2003,05,18,323130.0,3380730.0
20030518,2003,05,18,323160.0,3380730.0
20030518,2003,05,18,323190.0,3380730.0
20030518,2003,05,18,323220.0,3380730.0
20030518,2003,05,18,323250.0,3380730.0
20030518,2003,05,18,323280.0,3380730.0
20030518,2003,05,18,323310.0,3380730.0
20030518,2003,05,18,323340.0,3380730.0
20030518,2003,05,18,323370.0,3380730.0
20030518,2003,05,18,323400.0,3380730.0
20030518,2003,05,18,323430.0,3380700.0
20030518,2003,05,18,323460.0,3380700.0
20030518,2003,05,18,323490.0,3380700.0
20030518,2003,05,18,323520.0,3380670.0
20030518,2003,05,18,323550.0,3380670.0
20030518,2003,05,18,323580.0,3380670.0
20030518,2003,05,18,323580.0,3380640.0
20030518,2003,05,18,323610.0,3380640.0
20030518,2003,05,18,323640.0,3380640.0
20030518,2003,05,18,323640.0,3380610.0
20030518,2003,05,18,323670.0,3380610.0
20030518,2003,05,18,323700.0,3380610.0
20030518,2003,05,18,323700.0,3380580.0
20030518,2003,05,18,323730.0,3380580.0
20030518,2003,05,18,323760.0,3380580.0
20030518,2003,05,18,323760.0,3380550.0
20030518,2003,05,18,323790.0,3380550.0
20030518,2003,05,18,323820.0,3380550.0
20030518,2003,05,18,323820.0,3380520.0
20030518,2003,05,18,323850.0,3380520.0
20030518,2003,05,18,323850.0,3380490.0
20030518,2003,05,18,323880.0,3380490.0
20030518,2003,05,18,323910.0,3380490.0
20030518,2003,05,18,323910.0,3380460.0
20030518,2003,05,18,323940.0,3380460.0
20030518,2003,05,18,323970.0,3380460.0
20030518,2003,05,18,324000.0,3380430.0
20030518,2003,05,18,324030.0,3380430.0
20030518,2003,05,18,324060.0,3380400.0
20030518,2003,05,18,324090.0,3380400.0
20030518,2003,05,18,324120.0,3380400.0
20030518,2003,05,18,324150.0,3380370.0
20030518,2003,05,18,324150.0,3380340.0
20030518,2003,05,18,324180.0,3380340.0
20030518,2003,05,18,324180.0,3380310.0
20030518,2003,05,18,324210.0,3380310.0
20030518,2003,05,18,324240.0,3380310.0
20030518,2003,05,18,324240.0,3380280.0
20030518,2003,05,18,324270.0,3380280.0
20030518,2003,05,18,324270.0,3380250.0
20030518,2003,05,18,324300.0,3380250.0
20030518,2003,05,18,324330.0,3380250.0
20030518,2003,05,18,324330.0,3380220.0
20030518,2003,05,18,324360.0,3380220.0
20030518,2003,05,18,324390.0,3380220.0
20030518,2003,05,18,324390.0,3380190.0
20030518,2003,05,18,324420.0,3380190.0
20030518,2003,05,18,324420.0,3380160.0
20030518,2003,05,18,324420.0,3380130.0
20030518,2003,05,18,324450.0,3380130.0
20030518,2003,05,18,324450.0,3380100.0
20030518,2003,05,18,324450.0,3380070.0
20030518,2003,05,18,324450.0,3380040.0
20030518,2003,05,18,324450.0,3380010.0
20030518,2003,05,18,324450.0,3379980.0
20030518,2003,05,18,324450.0,3379950.0
20030518,2003,05,18,324450.0,3379920.0
20030518,2003,05,18,324450.0,3379890.0
20030518,2003,05,18,324450.0,3379860.0
20030518,2003,05,18,324420.0,3379830.0
20030518,2003,05,18,324420.0,3379800.0
20030518,2003,05,18,324420.0,3379770.0
20030518,2003,05,18,324420.0,3379740.0
20030518,2003,05,18,324390.0,3379740.0
20030518,2003,05,18,324390.0,3379710.0
20030518,2003,05,18,324360.0,3379680.0
20030518,2003,05,18,324360.0,3379650.0
20030518,2003,05,18,324360.0,3379620.0
20030518,2003,05,18,324330.0,3379590.0
20030518,2003,05,18,324330.0,3379560.0
20030518,2003,05,18,324330.0,3379530.0
20030518,2003,05,18,324300.0,3379500.0
20030518,2003,05,18,324300.0,3379470.0
20030518,2003,05,18,324300.0,3379440.0
20030518,2003,05,18,324270.0,3379410.0
20030518,2003,05,18,324270.0,3379380.0
20030518,2003,05,18,324270.0,3379350.0
20030518,2003,05,18,324270.0,3379320.0
20030518,2003,05,18,324240.0,3379320.0
20030518,2003,05,18,324240.0,3379290.0
20030518,2003,05,18,324240.0,3379260.0
20030518,2003,05,18,324240.0,3379230.0
20030518,2003,05,18,324210.0,3379230.0
20030518,2003,05,18,324210.0,3379200.0
20030518,2003,05,18,324210.0,3379170.0
20030518,2003,05,18,324180.0,3379170.0
20030518,2003,05,18,324180.0,3379140.0
20030518,2003,05,18,324180.0,3379110.0
20030518,2003,05,18,324150.0,3379110.0
20030518,2003,05,18,324150.0,3379080.0
20030518,2003,05,18,324150.0,3379050.0
20030518,2003,05,18,324120.0,3379050.0
20030518,2003,05,18,324120.0,3379020.0
20030518,2003,05,18,324090.0,3379020.0
20030518,2003,05,18,324090.0,3378990.0
20030518,2003,05,18,324060.0,3378990.0
20030518,2003,05,18,324060.0,3378960.0
20030518,2003,05,18,324030.0,3378960.0
20030518,2003,05,18,324030.0,3378930.0
20030518,2003,05,18,324000.0,3378930.0
20030518,2003,05,18,323970.0,3378930.0
20030518,2003,05,18,323970.0,3378900.0
20030518,2003,05,18,323940.0,3378900.0
20030518,2003,05,18,323910.0,3378900.0
20030518,2003,05,18,323910.0,3378870.0
20030518,2003,05,18,323880.0,3378870.0
20030518,2003,05,18,323850.0,3378870.0
20030518,2003,05,18,323850.0,3378840.0
20030518,2003,05,18,323820.0,3378840.0
20030518,2003,05,18,323790.0,3378840.0
20030518,2003,05,18,323760.0,3378810.0
20030518,2003,05,18,323730.0,3378810.0
20030518,2003,05,18,323700.0,3378810.0
20030518,2003,05,18,323700.0,3378780.0
20030518,2003,05,18,323670.0,3378780.0
20030518,2003,05,18,323640.0,3378780.0
20030518,2003,05,18,323610.0,3378750.0
20030518,2003,05,18,323580.0,3378750.0
20030518,2003,05,18,323550.0,3378750.0
20030518,2003,05,18,323520.0,3378720.0
20030518,2003,05,18,323490.0,3378720.0
20030518,2003,05,18,323460.0,3378720.0
20030518,2003,05,18,323430.0,3378690.0
20030518,2003,05,18,323400.0,3378690.0
20030518,2003,05,18,323370.0,3378690.0
20030518,2003,05,18,323340.0,3378660.0
20030518,2003,05,18,323310.0,3378660.0
20030518,2003,05,18,323280.0,3378660.0
20030518,2003,05,18,323250.0,3378660.0
20030518,2003,05,18,323220.0,3378630.0
20030518,2003,05,18,323190.0,3378630.0
20030518,2003,05,18,323160.0,3378630.0
20030518,2003,05,18,323130.0,3378630.0
20030518,2003,05,18,323100.0,3378600.0
20030518,2003,05,18,323070.0,3378600.0
20030518,2003,05,18,323040.0,3378570.0
20030518,2003,05,18,323010.0,3378570.0
20030518,2003,05,18,322980.0,3378570.0
20030518,2003,05,18,322950.0,3378570.0
20030518,2003,05,18,322920.0,3378540.0
20030518,2003,05,18,322890.0,3378540.0
20030518,2003,05,18,322860.0,3378540.0
20030518,2003,05,18,322830.0,3378510.0
20030518,2003,05,18,322800.0,3378510.0
20030518,2003,05,18,322770.0,3378510.0
20030518,2003,05,18,322740.0,3378510.0
20030518,2003,05,18,322710.0,3378480.0
20030518,2003,05,18,322680.0,3378480.0
20030518,2003,05,18,322650.0,3378480.0
20030518,2003,05,18,322620.0,3378480.0
20030518,2003,05,18,322590.0,3378450.0
20030518,2003,05,18,322560.0,3378450.0
20030518,2003,05,18,322530.0,3378450.0
20030518,2003,05,18,322500.0,3378420.0
20030518,2003,05,18,322470.0,3378420.0
20030518,2003,05,18,322440.0,3378420.0
20030518,2003,05,18,322410.0,3378420.0
20030518,2003,05,18,322410.0,3378390.0
20030518,2003,05,18,322380.0,3378390.0
20030518,2003,05,18,322350.0,3378390.0
20030518,2003,05,18,322350.0,3378360.0
20030518,2003,05,18,322320.0,3378360.0
20030518,2003,05,18,322290.0,3378360.0
20030518,2003,05,18,322290.0,3378330.0
20030518,2003,05,18,322260.0,3378330.0
20030518,2003,05,18,322230.0,3378330.0
20030518,2003,05,18,322230.0,3378300.0
20030518,2003,05,18,322200.0,3378300.0
20030518,2003,05,18,322170.0,3378300.0
20030518,2003,05,18,322170.0,3378270.0
20030518,2003,05,18,322140.0,3378270.0
20030518,2003,05,18,322140.0,3378240.0
20030518,2003,05,18,322110.0,3378240.0
20030518,2003,05,18,322110.0,3378210.0
20030518,2003,05,18,322080.0,3378210.0
20030518,2003,05,18,322080.0,3378180.0
20030518,2003,05,18,322050.0,3378180.0
20030518,2003,05,18,322050.0,3378150.0
20030518,2003,05,18,322020.0,3378150.0
20030518,2003,05,18,322020.0,3378120.0
20030518,2003,05,18,322020.0,3378090.0
20030518,2003,05,18,321990.0,3378090.0
20030518,2003,05,18,321990.0,3378060.0
20030518,2003,05,18,321990.0,3378030.0
20030518,2003,05,18,321960.0,3378030.0
20030518,2003,05,18,321960.0,3378000.0
20030518,2003,05,18,321960.0,3377970.0
20030518,2003,05,18,321930.0,3377940.0
20030518,2003,05,18,321930.0,3377910.0
20030518,2003,05,18,321930.0,3377880.0
20030518,2003,05,18,321930.0,3377850.0
20030518,2003,05,18,321900.0,3377820.0
20030518,2003,05,18,321900.0,3377790.0
20030518,2003,05,18,321870.0,3377760.0
20030518,2003,05,18,321870.0,3377730.0
20030518,2003,05,18,321870.0,3377700.0
20030518,2003,05,18,321840.0,3377700.0
20030518,2003,05,18,321840.0,3377670.0
20030518,2003,05,18,321840.0,3377640.0
20030518,2003,05,18,321810.0,3377610.0
20030518,2003,05,18,321810.0,3377580.0
20030518,2003,05,18,321780.0,3377580.0
20030518,2003,05,18,321780.0,3377550.0
20030518,2003,05,18,321780.0,3377520.0
20030518,2003,05,18,321750.0,3377520.0
20030518,2003,05,18,321750.0,3377490.0
20030518,2003,05,18,321720.0,3377490.0
20030518,2003,05,18,321720.0,3377460.0
20030518,2003,05,18,321690.0,3377460.0
20030518,2003,05,18,321660.0,3377460.0
20030518,2003,05,18,321660.0,3377430.0
20030518,2003,05,18,321630.0,3377430.0
20030518,2003,05,18,321630.0,3377400.0
20030518,2003,05,18,321600.0,3377400.0
20030518,2003,05,18,321600.0,3377370.0
20030518,2003,05,18,321570.0,3377370.0
20030518,2003,05,18,321540.0,3377370.0
20030518,2003,05,18,321540.0,3377340.0
20030518,2003,05,18,321510.0,3377340.0
20030518,2003,05,18,321480.0,3377340.0
20030518,2003,05,18,321480.0,3377310.0
20030518,2003,05,18,321450.0,3377310.0
20030518,2003,05,18,321420.0,3377310.0
20030518,2003,05,18,321390.0,3377280.0
20030518,2003,05,18,321360.0,3377280.0
20030518,2003,05,18,321330.0,3377280.0
20030518,2003,05,18,321300.0,3377250.0
20030518,2003,05,18,321270.0,3377250.0
20030518,2003,05,18,321240.0,3377250.0
20030518,2003,05,18,321240.0,3377220.0
20030518,2003,05,18,321210.0,3377220.0
20030518,2003,05,18,321180.0,3377220.0
20030518,2003,05,18,321180.0,3377190.0
20030518,2003,05,18,321150.0,3377190.0
20030518,2003,05,18,321120.0,3377190.0
20030518,2003,05,18,321120.0,3377160.0
20030518,2003,05,18,321090.0,3377160.0
20030518,2003,05,18,321090.0,3377130.0
20030518,2003,05,18,321060.0,3377130.0
20030518,2003,05,18,321030.0,3377130.0
20030518,2003,05,18,321030.0,3377100.0
20030518,2003,05,18,321000.0,3377100.0
20030518,2003,05,18,320970.0,3377100.0
20030518,2003,05,18,320970.0,3377070.0
20030518,2003,05,18,320940.0,3377070.0
20030518,2003,05,18,320940.0,3377040.0
20030518,2003,05,18,320910.0,3377040.0
20030518,2003,05,18,320910.0,3377010.0
20030518,2003,05,18,320880.0,3377010.0
20030518,2003,05,18,320880.0,3376980.0
20030518,2003,05,18,320850.0,3376980.0
20030518,2003,05,18,320850.0,3376950.0
20030518,2003,05,18,320820.0,3376950.0
20030518,2003,05,18,320820.0,3376920.0
20030518,2003,05,18,320790.0,3376920.0
20030518,2003,05,18,320790.0,3376890.0
20030518,2003,05,18,320790.0,3376860.0
20030518,2003,05,18,320760.0,3376860.0
20030518,2003,05,18,320760.0,3376830.0
20030518,2003,05,18,320760.0,3376800.0
20030518,2003,05,18,320730.0,3376770.0
20030518,2003,05,18,320730.0,3376740.0
20030518,2003,05,18,320730.0,3376710.0
20030518,2003,05,18,320730.0,3376680.0
20030518,2003,05,18,320730.0,3376650.0
20030518,2003,05,18,320730.0,3376620.0
20030518,2003,05,18,320730.0,3376590.0
20030518,2003,05,18,320760.0,3376590.0
20030518,2003,05,18,320760.0,3376560.0
20030518,2003,05,18,320760.0,3376530.0
20030518,2003,05,18,320760.0,3376500.0
20030518,2003,05,18,320760.0,3376470.0
20030518,2003,05,18,320760.0,3376440.0
20030518,2003,05,18,320760.0,3376410.0
20030518,2003,05,18,320760.0,3376380.0
20030518,2003,05,18,320760.0,3376350.0
20030518,2003,05,18,320790.0,3376320.0
20030518,2003,05,18,320790.0,3376290.0
20030518,2003,05,18,320790.0,3376260.0
20030518,2003,05,18,320820.0,3376260.0
20030518,2003,05,18,320820.0,3376230.0
20030518,2003,05,18,320850.0,3376200.0
20030518,2003,05,18,320850.0,3376170.0
20030518,2003,05,18,320850.0,3376140.0
20030518,2003,05,18,320850.0,3376110.0
20030518,2003,05,18,320850.0,3376080.0
20030518,2003,05,18,320850.0,3376050.0
20030518,2003,05,18,320880.0,3376020.0
20030518,2003,05,18,320880.0,3375990.0
20030518,2003,05,18,320880.0,3375960.0
20030518,2003,05,18,320880.0,3375930.0
20030518,2003,05,18,320880.0,3375900.0
20030518,2003,05,18,320880.0,3375870.0
20030518,2003,05,18,320880.0,3375840.0
20030518,2003,05,18,320880.0,3375810.0
20030518,2003,05,18,320880.0,3375780.0
20030518,2003,05,18,320880.0,3375750.0
20030518,2003,05,18,320880.0,3375720.0
20030518,2003,05,18,320880.0,3375690.0
20030518,2003,05,18,320880.0,3375660.0
20030518,2003,05,18,320880.0,3375630.0
20030518,2003,05,18,320880.0,3375600.0
20030518,2003,05,18,320880.0,3375570.0
20030518,2003,05,18,320880.0,3375540.0
20030518,2003,05,18,320880.0,3375510.0
20030518,2003,05,18,320880.0,3375480.0
20030518,2003,05,18,320880.0,3375450.0
20030518,2003,05,18,320880.0,3375420.0
20030518,2003,05,18,320880.0,3375390.0
20030518,2003,05,18,320910.0,3375360.0
20030518,2003,05,18,320910.0,3375330.0
20030518,2003,05,18,320910.0,3375300.0
20030518,2003,05,18,320910.0,3375270.0
20030518,2003,05,18,320940.0,3375240.0
20030518,2003,05,18,320940.0,3375210.0
20030518,2003,05,18,320940.0,3375180.0
20030518,2003,05,18,320970.0,3375180.0
20030518,2003,05,18,320970.0,3375150.0
20030518,2003,05,18,320970.0,3375120.0
20030518,2003,05,18,321000.0,3375120.0
20030518,2003,05,18,321000.0,3375090.0
20030518,2003,05,18,321030.0,3375090.0
20030518,2003,05,18,321030.0,3375060.0
20030518,2003,05,18,321030.0,3375030.0
20030518,2003,05,18,321060.0,3375030.0
20030518,2003,05,18,321090.0,3375030.0
20030518,2003,05,18,321090.0,3375000.0
20030518,2003,05,18,321120.0,3375000.0
20030518,2003,05,18,321120.0,3374970.0
20030518,2003,05,18,321150.0,3374970.0
20030518,2003,05,18,321180.0,3374970.0
20030518,2003,05,18,321210.0,3374970.0
20030518,2003,05,18,321240.0,3374940.0
20030518,2003,05,18,321270.0,3374940.0
20030518,2003,05,18,321300.0,3374940.0
20030518,2003,05,18,321330.0,3374940.0
20030518,2003,05,18,321360.0,3374940.0
20030518,2003,05,18,321390.0,3374910.0
20030518,2003,05,18,321420.0,3374910.0
20030518,2003,05,18,321450.0,3374910.0
20030518,2003,05,18,321480.0,3374910.0
20030518,2003,05,18,321510.0,3374940.0
20030518,2003,05,18,321540.0,3374940.0
20030518,2003,05,18,321570.0,3374940.0
20030518,2003,05,18,321600.0,3374940.0
20030518,2003,05,18,321630.0,3374940.0
20030518,2003,05,18,321660.0,3374940.0
20030518,2003,05,18,321690.0,3374940.0
20030518,2003,05,18,321720.0,3374940.0
20030518,2003,05,18,321750.0,3374940.0
20030518,2003,05,18,321780.0,3374970.0
20030518,2003,05,18,321810.0,3374970.0
20030518,2003,05,18,321840.0,3374970.0
20030518,2003,05,18,321870.0,3374970.0
20030518,2003,05,18,321900.0,3375000.0
20030518,2003,05,18,321930.0,3375000.0
20030518,2003,05,18,321960.0,3375000.0
20030518,2003,05,18,321990.0,3375000.0
20030518,2003,05,18,322020.0,3375000.0
20030518,2003,05,18,322050.0,3375000.0
20030518,2003,05,18,322080.0,3375030.0
20030518,2003,05,18,322110.0,3375030.0
20030518,2003,05,18,322140.0,3375030.0
20030518,2003,05,18,322170.0,3375030.0
20030518,2003,05,18,322200.0,3375030.0
20030518,2003,05,18,322230.0,3375030.0
20030518,2003,05,18,322260.0,3375030.0
20030518,2003,05,18,322290.0,3375030.0
20030518,2003,05,18,322320.0,3375030.0
20030518,2003,05,18,322350.0,3375030.0
20030518,2003,05,18,322380.0,3375030.0
20030518,2003,05,18,322410.0,3375030.0
20030518,2003,05,18,322410.0,3375000.0
20030518,2003,05,18,322440.0,3375000.0
20030518,2003,05,18,322470.0,3375000.0
20030518,2003,05,18,322500.0,3374970.0
20030518,2003,05,18,322530.0,3374970.0
20030518,2003,05,18,322530.0,3374940.0
20030518,2003,05,18,322560.0,3374940.0
20030518,2003,05,18,322590.0,3374940.0
20030518,2003,05,18,322590.0,3374910.0
20030518,2003,05,18,322620.0,3374910.0
20030518,2003,05,18,322650.0,3374910.0
20030518,2003,05,18,322650.0,3374880.0
20030518,2003,05,18,322680.0,3374880.0
20030518,2003,05,18,322680.0,3374850.0
20030518,2003,05,18,322710.0,3374850.0
20030518,2003,05,18,322710.0,3374820.0
20030518,2003,05,18,322740.0,3374820.0
20030518,2003,05,18,322770.0,3374820.0
20030518,2003,05,18,322770.0,3374790.0
20030518,2003,05,18,322800.0,3374790.0
20030518,2003,05,18,322800.0,3374760.0
20030518,2003,05,18,322830.0,3374760.0
20030518,2003,05,18,322830.0,3374730.0
20030518,2003,05,18,322860.0,3374730.0
20030518,2003,05,18,322860.0,3374700.0
20030518,2003,05,18,322890.0,3374700.0
20030518,2003,05,18,322890.0,3374670.0
20030518,2003,05,18,322920.0,3374670.0
20030518,2003,05,18,322920.0,3374640.0
20030518,2003,05,18,322950.0,3374640.0
20030518,2003,05,18,322950.0,3374610.0
20030518,2003,05,18,322950.0,3374580.0
20030518,2003,05,18,322980.0,3374580.0
20030518,2003,05,18,322980.0,3374550.0
20030518,2003,05,18,323010.0,3374550.0
20030518,2003,05,18,323010.0,3374520.0
20030518,2003,05,18,323010.0,3374490.0
20030518,2003,05,18,323040.0,3374490.0
20030518,2003,05,18,323040.0,3374460.0
20030518,2003,05,18,323040.0,3374430.0
20030518,2003,05,18,323040.0,3374400.0
20030518,2003,05,18,323070.0,3374400.0
20030518,2003,05,18,323070.0,3374370.0
20030518,2003,05,18,323070.0,3374340.0
20030518,2003,05,18,323070.0,3374310.0
20030518,2003,05,18,323070.0,3374280.0
20030518,2003,05,18,323070.0,3374250.0
20030518,2003,05,18,323070.0,3374220.0
20030518,2003,05,18,323100.0,3374190.0
20030518,2003,05,18,323100.0,3374160.0
20030518,2003,05,18,323100.0,3374130.0
20030518,2003,05,18,323100.0,3374100.0
20030518,2003,05,18,323100.0,3374070.0
20030518,2003,05,18,323100.0,3374040.0
20030518,2003,05,18,323100.0,3374010.0
20030518,2003,05,18,323070.0,3374010.0
20030518,2003,05,18,323070.0,3373980.0
20030518,2003,05,18,323040.0,3373980.0
20030518,2003,05,18,323040.0,3373950.0
20030518,2003,05,18,323010.0,3373950.0
20030518,2003,05,18,323010.0,3373920.0
20030518,2003,05,18,322980.0,3373920.0
20030518,2003,05,18,322950.0,3373920.0
20030518,2003,05,18,322920.0,3373890.0
20030518,2003,05,18,322890.0,3373890.0
20030518,2003,05,18,322860.0,3373890.0
20030518,2003,05,18,322830.0,3373860.0
20030518,2003,05,18,322800.0,3373860.0
20030518,2003,05,18,322770.0,3373860.0
20030518,2003,05,18,322770.0,3373830.0
20030518,2003,05,18,322740.0,3373830.0
20030518,2003,05,18,322710.0,3373830.0
20030518,2003,05,18,322710.0,3373800.0
20030518,2003,05,18,322680.0,3373800.0
20030518,2003,05,18,322650.0,3373800.0
20030518,2003,05,18,322650.0,3373770.0
20030518,2003,05,18,322620.0,3373770.0
20030518,2003,05,18,322590.0,3373770.0
20030518,2003,05,18,322560.0,3373740.0
20030518,2003,05,18,322530.0,3373740.0
20030518,2003,05,18,322500.0,3373740.0
20030518,2003,05,18,322470.0,3373740.0
20030518,2003,05,18,322470.0,3373710.0
20030518,2003,05,18,322440.0,3373710.0
20030518,2003,05,18,322410.0,3373680.0
20030518,2003,05,18,322380.0,3373680.0
20030518,2003,05,18,322350.0,3373680.0
20030518,2003,05,18,322350.0,3373650.0
20030518,2003,05,18,322320.0,3373650.0
20030518,2003,05,18,322320.0,3373620.0
20030518,2003,05,18,322290.0,3373620.0
20030518,2003,05,18,322260.0,3373620.0
20030518,2003,05,18,322260.0,3373590.0
20030518,2003,05,18,322230.0,3373590.0
20030518,2003,05,18,322230.0,3373560.0
20030518,2003,05,18,322200.0,3373560.0
20030518,2003,05,18,322200.0,3373530.0
20030518,2003,05,18,322170.0,3373530.0
20030518,2003,05,18,322140.0,3373530.0
20030518,2003,05,18,322140.0,3373500.0
20030518,2003,05,18,322110.0,3373500.0
20030518,2003,05,18,322110.0,3373470.0
20030518,2003,05,18,322080.0,3373470.0
20030518,2003,05,18,322080.0,3373440.0
20030518,2003,05,18,322050.0,3373440.0
20030518,2003,05,18,322050.0,3373410.0
20030518,2003,05,18,322020.0,3373410.0
20030518,2003,05,18,321990.0,3373410.0
20030518,2003,05,18,321990.0,3373380.0
20030518,2003,05,18,321960.0,3373380.0
20030518,2003,05,18,321960.0,3373350.0
20030518,2003,05,18,321930.0,3373350.0
20030518,2003,05,18,321930.0,3373320.0
20030518,2003,05,18,321900.0,3373320.0
20030518,2003,05,18,321900.0,3373290.0
20030518,2003,05,18,321870.0,3373290.0
20030518,2003,05,18,321870.0,3373260.0
20030518,2003,05,18,321840.0,3373260.0
20030518,2003,05,18,321840.0,3373230.0
20030518,2003,05,18,321810.0,3373230.0
20030518,2003,05,18,321810.0,3373200.0
20030518,2003,05,18,321810.0,3373170.0
20030518,2003,05,18,321780.0,3373170.0
20030518,2003,05,18,321780.0,3373140.0
20030518,2003,05,18,321750.0,3373140.0
20030518,2003,05,18,321750.0,3373110.0
20030518,2003,05,18,321720.0,3373110.0
20030518,2003,05,18,321720.0,3373080.0
20030518,2003,05,18,321720.0,3373050.0
20030518,2003,05,18,321690.0,3373050.0
20030518,2003,05,18,321690.0,3373020.0
20030518,2003,05,18,321660.0,3373020.0
20030518,2003,05,18,321660.0,3372990.0
20030518,2003,05,18,321660.0,3372960.0
20030518,2003,05,18,321630.0,3372960.0
20030518,2003,05,18,321630.0,3372930.0
20030518,2003,05,18,321630.0,3372900.0
20030518,2003,05,18,321600.0,3372900.0
20030518,2003,05,18,321600.0,3372870.0
20030518,2003,05,18,321600.0,3372840.0
20030518,2003,05,18,321570.0,3372810.0
20030518,2003,05,18,321570.0,3372780.0
20030518,2003,05,18,321540.0,3372750.0
20030518,2003,05,18,321540.0,3372720.0
20030518,2003,05,18,321540.0,3372690.0
20030518,2003,05,18,321510.0,3372690.0
20030518,2003,05,18,321510.0,3372660.0
20030518,2003,05,18,321510.0,3372630.0
20030518,2003,05,18,321480.0,3372630.0
20030518,2003,05,18,321480.0,3372600.0
20030518,2003,05,18,321480.0,3372570.0
20030518,2003,05,18,321450.0,3372570.0
20030518,2003,05,18,321450.0,3372540.0
20030518,2003,05,18,321420.0,3372540.0
20030518,2003,05,18,321420.0,3372510.0
20030518,2003,05,18,321420.0,3372480.0
20030518,2003,05,18,321390.0,3372480.0
20030518,2003,05,18,321390.0,3372450.0
20030518,2003,05,18,321360.0,3372450.0
20030518,2003,05,18,321360.0,3372420.0
20030518,2003,05,18,321330.0,3372420.0
20030518,2003,05,18,321300.0,3372420.0
20030518,2003,05,18,321300.0,3372390.0
20030518,2003,05,18,321270.0,3372390.0
20030518,2003,05,18,321270.0,3372360.0
20030518,2003,05,18,321240.0,3372360.0
20030518,2003,05,18,321210.0,3372360.0
20030518,2003,05,18,321180.0,3372360.0
20030518,2003,05,18,321150.0,3372360.0
20030518,2003,05,18,321120.0,3372360.0
20030518,2003,05,18,321090.0,3372360.0
20030518,2003,05,18,321060.0,3372390.0
20030518,2003,05,18,321030.0,3372390.0
20030518,2003,05,18,321000.0,3372390.0
20030518,2003,05,18,320970.0,3372390.0
20030518,2003,05,18,320970.0,3372420.0
20030518,2003,05,18,320940.0,3372420.0
20030518,2003,05,18,320910.0,3372420.0
20030518,2003,05,18,320910.0,3372450.0
20030518,2003,05,18,320880.0,3372450.0
20030518,2003,05,18,320880.0,3372480.0
20030518,2003,05,18,320850.0,3372480.0
20030518,2003,05,18,320820.0,3372480.0
20030518,2003,05,18,320820.0,3372510.0
20030518,2003,05,18,320790.0,3372510.0
20030518,2003,05,18,320790.0,3372540.0
20030518,2003,05,18,320760.0,3372540.0
20030518,2003,05,18,320760.0,3372570.0
20030518,2003,05,18,320730.0,3372570.0
20030518,2003,05,18,320730.0,3372600.0
20030518,2003,05,18,320700.0,3372600.0
20030518,2003,05,18,320700.0,3372630.0
20030518,2003,05,18,320670.0,3372630.0
20030518,2003,05,18,320640.0,3372630.0
20030518,2003,05,18,320640.0,3372660.0
20030518,2003,05,18,320610.0,3372660.0
20030518,2003,05,18,320610.0,3372690.0
20030518,2003,05,18,320580.0,3372690.0
20030518,2003,05,18,320580.0,3372720.0
20030518,2003,05,18,320550.0,3372720.0
20030518,2003,05,18,320520.0,3372720.0
20030518,2003,05,18,320520.0,3372750.0
20030518,2003,05,18,320490.0,3372750.0
20030518,2003,05,18,320460.0,3372780.0
20030518,2003,05,18,320430.0,3372780.0
20030518,2003,05,18,320400.0,3372780.0
20030518,2003,05,18,320370.0,3372810.0
20030518,2003,05,18,320340.0,3372810.0
20030518,2003,05,18,320310.0,3372810.0
20030518,2003,05,18,320280.0,3372810.0
20030518,2003,05,18,320250.0,3372780.0
20030518,2003,05,18,320220.0,3372780.0
20030518,2003,05,18,320220.0,3372750.0
20030518,2003,05,18,320190.0,3372750.0
20030518,2003,05,18,320160.0,3372750.0
20030518,2003,05,18,320160.0,3372720.0
20030518,2003,05,18,320130.0,3372720.0
20030518,2003,05,18,320130.0,3372690.0
20030518,2003,05,18,320100.0,3372690.0
20030518,2003,05,18,320100.0,3372660.0
20030518,2003,05,18,320070.0,3372660.0
20030518,2003,05,18,320070.0,3372630.0
20030518,2003,05,18,320040.0,3372630.0
20030518,2003,05,18,320040.0,3372600.0
20030518,2003,05,18,320010.0,3372600.0
20030518,2003,05,18,320010.0,3372570.0
20030518,2003,05,18,320010.0,3372540.0
20030518,2003,05,18,319980.0,3372540.0
20030518,2003,05,18,319980.0,3372510.0
20030518,2003,05,18,319980.0,3372480.0
20030518,2003,05,18,319950.0,3372450.0
20030518,2003,05,18,319950.0,3372420.0
20030518,2003,05,18,319950.0,3372390.0
20030518,2003,05,18,319920.0,3372390.0
20030518,2003,05,18,319920.0,3372360.0
20030518,2003,05,18,319920.0,3372330.0
20030518,2003,05,18,319890.0,3372330.0
20030518,2003,05,18,319890.0,3372300.0
20030518,2003,05,18,319890.0,3372270.0
20030518,2003,05,18,319860.0,3372270.0
20030518,2003,05,18,319860.0,3372240.0
20030518,2003,05,18,319860.0,3372210.0
20030518,2003,05,18,319830.0,3372180.0
20030518,2003,05,18,319830.0,3372150.0
20030518,2003,05,18,319830.0,3372120.0
20030518,2003,05,18,319800.0,3372120.0
20030518,2003,05,18,319800.0,3372090.0
20030518,2003,05,18,319800.0,3372060.0
20030518,2003,05,18,319770.0,3372060.0
20030518,2003,05,18,319770.0,3372030.0
20030518,2003,05,18,319740.0,3372030.0
20030518,2003,05,18,319740.0,3372000.0
20030518,2003,05,18,319740.0,3371970.0
20030518,2003,05,18,319740.0,3371940.0
20030518,2003,05,18,319710.0,3371940.0
20030518,2003,05,18,319710.0,3371910.0
20030518,2003,05,18,319710.0,3371880.0
20030518,2003,05,18,319710.0,3371850.0
20030518,2003,05,18,319680.0,3371850.0
20030518,2003,05,18,319680.0,3371820.0
20030518,2003,05,18,319680.0,3371790.0
20030518,2003,05,18,319650.0,3371760.0
20030518,2003,05,18,319650.0,3371730.0
20030518,2003,05,18,319650.0,3371700.0
20030518,2003,05,18,319650.0,3371670.0
20030518,2003,05,18,319650.0,3371640.0
20030518,2003,05,18,319650.0,3371610.0
20030518,2003,05,18,319650.0,3371580.0
20030518,2003,05,18,319680.0,3371550.0
20030518,2003,05,18,319680.0,3371520.0
20030518,2003,05,18,319680.0,3371490.0
20030518,2003,05,18,319710.0,3371490.0
20030518,2003,05,18,319710.0,3371460.0
20030518,2003,05,18,319710.0,3371430.0
20030518,2003,05,18,319740.0,3371430.0
20030518,2003,05,18,319740.0,3371400.0
20030518,2003,05,18,319770.0,3371400.0
20030518,2003,05,18,319770.0,3371370.0
20030518,2003,05,18,319770.0,3371340.0
20030518,2003,05,18,319800.0,3371340.0
20030518,2003,05,18,319800.0,3371310.0
20030518,2003,05,18,319830.0,3371310.0
20030518,2003,05,18,319860.0,3371310.0
20030518,2003,05,18,319860.0,3371280.0
20030518,2003,05,18,319890.0,3371280.0
20030518,2003,05,18,319890.0,3371250.0
20030518,2003,05,18,319920.0,3371250.0
20030518,2003,05,18,319920.0,3371220.0
20030518,2003,05,18,319950.0,3371220.0
20030518,2003,05,18,319980.0,3371220.0
20030518,2003,05,18,319980.0,3371190.0
20030518,2003,05,18,320010.0,3371190.0
20030518,2003,05,18,320040.0,3371190.0
20030518,2003,05,18,320040.0,3371160.0
20030518,2003,05,18,320070.0,3371160.0
20030518,2003,05,18,320070.0,3371130.0
20030518,2003,05,18,320100.0,3371130.0
20030518,2003,05,18,320130.0,3371130.0
20030518,2003,05,18,320130.0,3371100.0
20030518,2003,05,18,320160.0,3371100.0
20030518,2003,05,18,320190.0,3371100.0
20030518,2003,05,18,320220.0,3371070.0
20030518,2003,05,18,320250.0,3371070.0
20030518,2003,05,18,320280.0,3371070.0
20030518,2003,05,18,320280.0,3371040.0
20030518,2003,05,18,320310.0,3371040.0
20030518,2003,05,18,320340.0,3371040.0
20030518,2003,05,18,320340.0,3371010.0
20030518,2003,05,18,320370.0,3371010.0
20030518,2003,05,18,320400.0,3371010.0
20030518,2003,05,18,320400.0,3370980.0
20030518,2003,05,18,320430.0,3370980.0
20030518,2003,05,18,320430.0,3370950.0
20030518,2003,05,18,320460.0,3370950.0
20030518,2003,05,18,320490.0,3370950.0
20030518,2003,05,18,320490.0,3370920.0
20030518,2003,05,18,320520.0,3370920.0
20030518,2003,05,18,320550.0,3370920.0
20030518,2003,05,18,320550.0,3370890.0
20030518,2003,05,18,320580.0,3370890.0
20030518,2003,05,18,320580.0,3370860.0
20030518,2003,05,18,320610.0,3370860.0
20030518,2003,05,18,320640.0,3370860.0
20030518,2003,05,18,320640.0,3370830.0
20030518,2003,05,18,320670.0,3370830.0
20030518,2003,05,18,320700.0,3370830.0
20030518,2003,05,18,320700.0,3370800.0
20030518,2003,05,18,320730.0,3370800.0
20030518,2003,05,18,320730.0,3370770.0
20030518,2003,05,18,320760.0,3370770.0
20030518,2003,05,18,320790.0,3370770.0
20030518,2003,05,18,320790.0,3370740.0
20030518,2003,05,18,320820.0,3370740.0
20030518,2003,05,18,320850.0,3370740.0
20030518,2003,05,18,320850.0,3370710.0
20030518,2003,05,18,320880.0,3370710.0
20030518,2003,05,18,320910.0,3370710.0
20030518,2003,05,18,320940.0,3370680.0
20030518,2003,05,18,320970.0,3370680.0
20030518,2003,05,18,321000.0,3370680.0
20030518,2003,05,18,321030.0,3370680.0
20030518,2003,05,18,321060.0,3370650.0
20030518,2003,05,18,321090.0,3370650.0
20030518,2003,05,18,321120.0,3370650.0
20030518,2003,05,18,321150.0,3370650.0
20030518,2003,05,18,321180.0,3370650.0
20030518,2003,05,18,321210.0,3370650.0
20030518,2003,05,18,321240.0,3370650.0
20030518,2003,05,18,321270.0,3370650.0
20030518,2003,05,18,321300.0,3370680.0
20030518,2003,05,18,321330.0,3370680.0
20030518,2003,05,18,321360.0,3370680.0
20030518,2003,05,18,321390.0,3370680.0
20030518,2003,05,18,321420.0,3370680.0
20030518,2003,05,18,321450.0,3370680.0
20030518,2003,05,18,321480.0,3370680.0
20030518,2003,05,18,321510.0,3370680.0
20030518,2003,05,18,321540.0,3370680.0
20030518,2003,05,18,321570.0,3370680.0
20030518,2003,05,18,321600.0,3370680.0
20030518,2003,05,18,321630.0,3370680.0
20030518,2003,05,18,321660.0,3370680.0
20030518,2003,05,18,321690.0,3370680.0
20030518,2003,05,18,321720.0,3370680.0
20030518,2003,05,18,321750.0,3370680.0
20030518,2003,05,18,321780.0,3370680.0
20030518,2003,05,18,321810.0,3370680.0
20030518,2003,05,18,321840.0,3370650.0
20030518,2003,05,18,321870.0,3370650.0
20030518,2003,05,18,321900.0,3370650.0
20030518,2003,05,18,321930.0,3370650.0
20030518,2003,05,18,321960.0,3370650.0
20030518,2003,05,18,321990.0,3370620.0
20030518,2003,05,18,322020.0,3370620.0
20030518,2003,05,18,322050.0,3370620.0
20030518,2003,05,18,322050.0,3370590.0
20030518,2003,05,18,322080.0,3370590.0
20030518,2003,05,18,322110.0,3370590.0
20030518,2003,05,18,322110.0,3370560.0
20030518,2003,05,18,322140.0,3370560.0
20030518,2003,05,18,322170.0,3370560.0
20030518,2003,05,18,322170.0,3370530.0
20030518,2003,05,18,322200.0,3370530.0
20030518,2003,05,18,322200.0,3370500.0
20030518,2003,05,18,322230.0,3370500.0
20030518,2003,05,18,322230.0,3370470.0
20030518,2003,05,18,322260.0,3370470.0
20030518,2003,05,18,322260.0,3370440.0
20030518,2003,05,18,322290.0,3370440.0
20030518,2003,05,18,322290.0,3370410.0
20030518,2003,05,18,322320.0,3370410.0
20030518,2003,05,18,322320.0,3370380.0
20030518,2003,05,18,322350.0,3370380.0
20030518,2003,05,18,322350.0,3370350.0
20030518,2003,05,18,322380.0,3370350.0
20030518,2003,05,18,322380.0,3370320.0
20030518,2003,05,18,322410.0,3370320.0
20030518,2003,05,18,322410.0,3370290.0
20030518,2003,05,18,322410.0,3370260.0
20030518,2003,05,18,322440.0,3370260.0
20030518,2003,05,18,322440.0,3370230.0
20030518,2003,05,18,322470.0,3370230.0
20030518,2003,05,18,322470.0,3370200.0
20030518,2003,05,18,322470.0,3370170.0
20030518,2003,05,18,322500.0,3370140.0
20030518,2003,05,18,322500.0,3370110.0
20030518,2003,05,18,322500.0,3370080.0
20030518,2003,05,18,322530.0,3370050.0
20030518,2003,05,18,322530.0,3370020.0
20030518,2003,05,18,322530.0,3369990.0
20030518,2003,05,18,322530.0,3369960.0
20030518,2003,05,18,322560.0,3369930.0
20030518,2003,05,18,322560.0,3369900.0
20030518,2003,05,18,322560.0,3369870.0
20030518,2003,05,18,322560.0,3369840.0
20030518,2003,05,18,322560.0,3369810.0
20030518,2003,05,18,322560.0,3369780.0
20030518,2003,05,18,322560.0,3369750.0
20030518,2003,05,18,322560.0,3369720.0
20030518,2003,05,18,322560.0,3369690.0
20030518,2003,05,18,322560.0,3369660.0
20030518,2003,05,18,322560.0,3369630.0
20030518,2003,05,18,322560.0,3369600.0
20030518,2003,05,18,322560.0,3369570.0
20030518,2003,05,18,322560.0,3369540.0
20030518,2003,05,18,322560.0,3369510.0
20030518,2003,05,18,322560.0,3369480.0
20030518,2003,05,18,322560.0,3369450.0
20030518,2003,05,18,322530.0,3369420.0
20030518,2003,05,18,322530.0,3369390.0
20030518,2003,05,18,322530.0,3369360.0
20030518,2003,05,18,322530.0,3369330.0
20030518,2003,05,18,322530.0,3369300.0
20030518,2003,05,18,322500.0,3369270.0
20030518,2003,05,18,322500.0,3369240.0
20030518,2003,05,18,322500.0,3369210.0
20030518,2003,05,18,322470.0,3369180.0
20030518,2003,05,18,322470.0,3369150.0
20030518,2003,05,18,322470.0,3369120.0
20030518,2003,05,18,322440.0,3369120.0
20030518,2003,05,18,322440.0,3369090.0
20030518,2003,05,18,322440.0,3369060.0
20030518,2003,05,18,322410.0,3369060.0
20030518,2003,05,18,322410.0,3369030.0
20030518,2003,05,18,322410.0,3369000.0
20030518,2003,05,18,322380.0,3369000.0
20030518,2003,05,18,322380.0,3368970.0
20030518,2003,05,18,322380.0,3368940.0
20030518,2003,05,18,322350.0,3368940.0
20030518,2003,05,18,322350.0,3368910.0
20030518,2003,05,18,322350.0,3368880.0
20030518,2003,05,18,322320.0,3368880.0
20030518,2003,05,18,322320.0,3368850.0
20030518,2003,05,18,322320.0,3368820.0
20030518,2003,05,18,322290.0,3368790.0
20030518,2003,05,18,322290.0,3368760.0
20030518,2003,05,18,322290.0,3368730.0
20030518,2003,05,18,322290.0,3368700.0
20030518,2003,05,18,322290.0,3368670.0
20030518,2003,05,18,322290.0,3368640.0
20030518,2003,05,18,322260.0,3368640.0
20030518,2003,05,18,322290.0,3368610.0
20030518,2003,05,18,322290.0,3368580.0
20030518,2003,05,18,322290.0,3368550.0
20030518,2003,05,18,322290.0,3368520.0
20030518,2003,05,18,322290.0,3368490.0
20030518,2003,05,18,322290.0,3368460.0
20030518,2003,05,18,322320.0,3368430.0
20030518,2003,05,18,322320.0,3368400.0
20030518,2003,05,18,322320.0,3368370.0
20030518,2003,05,18,322350.0,3368370.0
20030518,2003,05,18,322350.0,3368340.0
20030518,2003,05,18,322350.0,3368310.0
20030518,2003,05,18,322380.0,3368310.0
20030518,2003,05,18,322380.0,3368280.0
20030518,2003,05,18,322410.0,3368280.0
20030518,2003,05,18,322410.0,3368250.0
20030518,2003,05,18,322440.0,3368250.0
20030518,2003,05,18,322440.0,3368220.0
20030518,2003,05,18,322470.0,3368220.0
20030518,2003,05,18,322470.0,3368190.0
20030518,2003,05,18,322470.0,3368160.0
20030518,2003,05,18,322500.0,3368160.0
20030518,2003,05,18,322500.0,3368130.0
20030518,2003,05,18,322530.0,3368130.0
20030518,2003,05,18,322530.0,3368100.0
20030518,2003,05,18,322560.0,3368100.0
20030518,2003,05,18,322560.0,3368070.0
20030518,2003,05,18,322560.0,3368040.0
20030518,2003,05,18,322590.0,3368040.0
20030518,2003,05,18,322590.0,3368010.0
20030518,2003,05,18,322590.0,3367980.0
20030518,2003,05,18,322620.0,3367980.0
20030518,2003,05,18,322620.0,3367950.0
20030518,2003,05,18,322620.0,3367920.0
20030518,2003,05,18,322620.0,3367890.0
20030518,2003,05,18,322620.0,3367860.0
20030518,2003,05,18,322590.0,3367830.0
20030518,2003,05,18,322590.0,3367800.0
20030518,2003,05,18,322590.0,3367770.0
20030518,2003,05,18,322560.0,3367770.0
20030518,2003,05,18,322560.0,3367740.0
20030518,2003,05,18,322530.0,3367740.0
20030518,2003,05,18,322530.0,3367710.0
20030518,2003,05,18,322500.0,3367710.0
20030518,2003,05,18,322500.0,3367680.0
20030518,2003,05,18,322470.0,3367680.0
20030518,2003,05,18,322470.0,3367650.0
20030518,2003,05,18,322470.0,3367620.0
20030518,2003,05,18,322440.0,3367620.0
20030518,2003,05,18,322440.0,3367590.0
20030518,2003,05,18,322410.0,3367590.0
20030518,2003,05,18,322410.0,3367560.0
20030518,2003,05,18,322380.0,3367530.0
20030518,2003,05,18,322350.0,3367530.0
20030518,2003,05,18,322350.0,3367500.0
20030518,2003,05,18,322350.0,3367470.0
20030518,2003,05,18,322320.0,3367470.0
20030518,2003,05,18,322320.0,3367440.0
20030518,2003,05,18,322290.0,3367440.0
20030518,2003,05,18,322290.0,3367410.0
20030518,2003,05,18,322260.0,3367410.0
20030518,2003,05,18,322260.0,3367380.0
20030518,2003,05,18,322260.0,3367350.0
20030518,2003,05,18,322260.0,3367320.0
20030518,2003,05,18,322290.0,3367290.0
20030518,2003,05,18,322290.0,3367260.0
20030518,2003,05,18,322320.0,3367230.0
20030518,2003,05,18,322320.0,3367200.0
20030518,2003,05,18,322350.0,3367200.0
20030518,2003,05,18,322350.0,3367170.0
20030518,2003,05,18,322380.0,3367170.0
20030518,2003,05,18,322410.0,3367170.0
20030518,2003,05,18,322410.0,3367140.0
20030518,2003,05,18,322440.0,3367140.0
20030518,2003,05,18,322470.0,3367110.0
20030518,2003,05,18,322500.0,3367110.0
20030518,2003,05,18,322530.0,3367110.0
20030518,2003,05,18,322560.0,3367110.0
20030518,2003,05,18,322590.0,3367080.0
20030518,2003,05,18,322620.0,3367080.0
20030518,2003,05,18,322650.0,3367080.0
20030518,2003,05,18,322680.0,3367080.0
20030518,2003,05,18,322710.0,3367080.0
20030518,2003,05,18,322740.0,3367050.0
20030518,2003,05,18,322770.0,3367050.0
20030518,2003,05,18,322770.0,3367020.0
20030518,2003,05,18,322800.0,3367020.0
20030518,2003,05,18,322830.0,3367020.0
20030518,2003,05,18,322830.0,3366990.0
20030518,2003,05,18,322860.0,3366990.0
20030518,2003,05,18,322890.0,3366990.0
20030518,2003,05,18,322890.0,3366960.0
20030518,2003,05,18,322920.0,3366960.0
20030518,2003,05,18,322950.0,3366960.0
20030518,2003,05,18,322950.0,3366930.0
20030518,2003,05,18,322980.0,3366930.0
20030518,2003,05,18,322980.0,3366900.0
20030518,2003,05,18,323010.0,3366900.0
20030518,2003,05,18,323040.0,3366900.0
20030518,2003,05,18,323040.0,3366870.0
20030518,2003,05,18,323070.0,3366870.0
20030518,2003,05,18,323070.0,3366840.0
20030518,2003,05,18,323100.0,3366840.0
20030518,2003,05,18,323130.0,3366840.0
20030518,2003,05,18,323130.0,3366810.0
20030518,2003,05,18,323160.0,3366810.0
20030518,2003,05,18,323160.0,3366780.0
20030518,2003,05,18,323190.0,3366780.0
20030518,2003,05,18,323190.0,3366750.0
20030518,2003,05,18,323220.0,3366750.0
20030518,2003,05,18,323220.0,3366720.0
20030518,2003,05,18,323250.0,3366720.0
20030518,2003,05,18,323250.0,3366690.0
20030518,2003,05,18,323280.0,3366690.0
20030518,2003,05,18,323310.0,3366690.0
20030518,2003,05,18,323310.0,3366660.0
20030518,2003,05,18,323340.0,3366660.0
20030518,2003,05,18,323340.0,3366630.0
20030518,2003,05,18,323370.0,3366630.0
20030518,2003,05,18,323370.0,3366600.0
20030518,2003,05,18,323400.0,3366600.0
20030518,2003,05,18,323400.0,3366570.0
20030518,2003,05,18,323430.0,3366570.0
20030518,2003,05,18,323430.0,3366540.0
20030518,2003,05,18,323460.0,3366540.0
20030518,2003,05,18,323490.0,3366540.0
20030518,2003,05,18,323490.0,3366510.0
20030518,2003,05,18,323520.0,3366510.0
20030518,2003,05,18,323520.0,3366480.0
20030518,2003,05,18,323550.0,3366480.0
20030518,2003,05,18,323580.0,3366480.0
20030518,2003,05,18,323580.0,3366450.0
20030518,2003,05,18,323610.0,3366450.0
20030518,2003,05,18,323610.0,3366420.0
20030518,2003,05,18,323640.0,3366420.0
20030518,2003,05,18,323670.0,3366420.0
20030518,2003,05,18,323670.0,3366390.0
20030518,2003,05,18,323700.0,3366390.0
20030518,2003,05,18,323700.0,3366360.0
20030518,2003,05,18,323730.0,3366360.0
20030518,2003,05,18,323760.0,3366360.0
20030518,2003,05,18,323760.0,3366330.0
20030518,2003,05,18,323790.0,3366330.0
20030518,2003,05,18,323790.0,3366300.0
20030518,2003,05,18,323820.0,3366300.0
20030518,2003,05,18,323850.0,3366300.0
20030518,2003,05,18,323850.0,3366270.0
20030518,2003,05,18,323880.0,3366270.0
20030518,2003,05,18,323910.0,3366270.0
20030518,2003,05,18,323910.0,3366240.0
20030518,2003,05,18,323940.0,3366240.0
20030518,2003,05,18,323970.0,3366240.0
20030518,2003,05,18,323970.0,3366210.0
20030518,2003,05,18,324000.0,3366210.0
20030518,2003,05,18,324030.0,3366210.0
20030518,2003,05,18,324030.0,3366180.0
20030518,2003,05,18,324060.0,3366180.0
20030518,2003,05,18,324090.0,3366180.0
20030518,2003,05,18,324120.0,3366150.0
20030518,2003,05,18,324150.0,3366150.0
20030518,2003,05,18,324180.0,3366150.0
20030518,2003,05,18,324210.0,3366120.0
20030518,2003,05,18,324240.0,3366120.0
20030518,2003,05,18,324270.0,3366090.0
20030518,2003,05,18,324300.0,3366090.0
20030518,2003,05,18,324330.0,3366090.0
20030518,2003,05,18,324360.0,3366090.0
20030518,2003,05,18,324390.0,3366060.0
20030518,2003,05,18,324420.0,3366060.0
20030518,2003,05,18,324450.0,3366060.0
20030518,2003,05,18,324480.0,3366060.0
20030518,2003,05,18,324510.0,3366030.0
20030518,2003,05,18,324540.0,3366030.0
20030518,2003,05,18,324570.0,3366030.0
20030518,2003,05,18,324600.0,3366030.0
20030518,2003,05,18,324630.0,3366030.0
20030518,2003,05,18,324660.0,3366000.0
20030518,2003,05,18,324690.0,3366000.0
20030518,2003,05,18,324720.0,3366000.0
20030518,2003,05,18,324750.0,3366000.0
20030518,2003,05,18,324780.0,3365970.0
20030518,2003,05,18,324810.0,3365970.0
20030518,2003,05,18,324840.0,3365970.0
20030518,2003,05,18,324870.0,3365940.0
20030518,2003,05,18,324900.0,3365940.0
20030518,2003,05,18,324930.0,3365940.0
20030518,2003,05,18,324930.0,3365910.0
20030518,2003,05,18,324960.0,3365910.0
20030518,2003,05,18,324990.0,3365910.0
20030518,2003,05,18,324990.0,3365880.0
20030518,2003,05,18,325020.0,3365880.0
20030518,2003,05,18,325020.0,3365850.0
20030518,2003,05,18,325020.0,3365820.0
20030518,2003,05,18,325050.0,3365820.0
20030518,2003,05,18,325050.0,3365790.0
20030518,2003,05,18,325080.0,3365790.0
20030518,2003,05,18,325080.0,3365760.0
20030518,2003,05,18,325080.0,3365730.0
20030518,2003,05,18,325110.0,3365700.0
20030518,2003,05,18,325110.0,3365670.0
20030518,2003,05,18,325110.0,3365640.0
20030518,2003,05,18,325110.0,3365610.0
20030518,2003,05,18,325110.0,3365580.0
20030518,2003,05,18,325110.0,3365550.0
20030518,2003,05,18,325110.0,3365520.0
20030518,2003,05,18,325110.0,3365490.0
20030518,2003,05,18,325110.0,3365460.0
20030518,2003,05,18,325110.0,3365430.0
20030518,2003,05,18,325110.0,3365400.0
20030518,2003,05,18,325110.0,3365370.0
20030518,2003,05,18,325110.0,3365340.0
20030518,2003,05,18,325080.0,3365310.0
20030518,2003,05,18,325080.0,3365280.0
20030518,2003,05,18,325080.0,3365250.0
20030518,2003,05,18,325050.0,3365250.0
20030518,2003,05,18,325050.0,3365220.0
20030518,2003,05,18,325050.0,3365190.0
20030518,2003,05,18,325020.0,3365190.0
20030518,2003,05,18,325020.0,3365160.0
20030518,2003,05,18,325020.0,3365130.0
20030518,2003,05,18,324990.0,3365130.0
20030518,2003,05,18,324990.0,3365100.0
20030518,2003,05,18,324990.0,3365070.0
20030518,2003,05,18,324960.0,3365070.0
20030518,2003,05,18,324960.0,3365040.0
20030518,2003,05,18,324930.0,3365040.0
20030518,2003,05,18,324930.0,3365010.0
20030518,2003,05,18,324930.0,3364980.0
20030518,2003,05,18,324900.0,3364980.0
20030518,2003,05,18,324900.0,3364950.0
20030518,2003,05,18,324900.0,3364920.0
20030518,2003,05,18,324870.0,3364890.0
20030518,2003,05,18,324870.0,3364860.0
20030518,2003,05,18,324840.0,3364830.0
20030518,2003,05,18,324840.0,3364800.0
20030518,2003,05,18,324840.0,3364770.0
20030518,2003,05,18,324840.0,3364740.0
20030518,2003,05,18,324840.0,3364710.0
20030518,2003,05,18,324870.0,3364680.0
20030518,2003,05,18,324870.0,3364650.0
20030518,2003,05,18,324900.0,3364650.0
20030518,2003,05,18,324900.0,3364620.0
20030518,2003,05,18,324930.0,3364620.0
20030518,2003,05,18,324930.0,3364590.0
20030518,2003,05,18,324960.0,3364590.0
20030518,2003,05,18,324960.0,3364560.0
20030518,2003,05,18,324990.0,3364560.0
20030518,2003,05,18,324990.0,3364530.0
20030518,2003,05,18,325020.0,3364530.0
20030518,2003,05,18,325020.0,3364500.0
20030518,2003,05,18,325050.0,3364500.0
20030518,2003,05,18,325050.0,3364470.0
20030518,2003,05,18,325080.0,3364470.0
20030518,2003,05,18,325110.0,3364470.0
20030518,2003,05,18,325110.0,3364440.0
20030518,2003,05,18,325140.0,3364440.0
20030518,2003,05,18,325170.0,3364440.0
20030518,2003,05,18,325170.0,3364410.0
20030518,2003,05,18,325200.0,3364410.0
20030518,2003,05,18,325230.0,3364410.0
20030518,2003,05,18,325230.0,3364380.0
20030518,2003,05,18,325260.0,3364380.0
20030518,2003,05,18,325260.0,3364350.0
20030518,2003,05,18,325290.0,3364350.0
20030518,2003,05,18,325290.0,3364320.0
20030518,2003,05,18,325320.0,3364320.0
20030518,2003,05,18,325350.0,3364320.0
20030518,2003,05,18,325350.0,3364290.0
20030518,2003,05,18,325380.0,3364290.0
20030518,2003,05,18,325410.0,3364260.0
20030518,2003,05,18,325440.0,3364260.0
20030518,2003,05,18,325440.0,3364230.0
20030518,2003,05,18,325470.0,3364230.0
20030518,2003,05,18,325500.0,3364230.0
20030518,2003,05,18,325500.0,3364200.0
20030518,2003,05,18,325530.0,3364200.0
20030518,2003,05,18,325560.0,3364170.0
20030518,2003,05,18,325590.0,3364170.0
20030518,2003,05,18,325620.0,3364170.0
20030518,2003,05,18,325650.0,3364170.0
20030518,2003,05,18,325680.0,3364140.0
20030518,2003,05,18,325710.0,3364140.0
20030518,2003,05,18,325710.0,3364110.0
20030518,2003,05,18,325740.0,3364110.0
20030518,2003,05,18,325770.0,3364110.0
20030518,2003,05,18,325800.0,3364080.0
20030518,2003,05,18,325830.0,3364080.0
20030518,2003,05,18,325860.0,3364080.0
20030518,2003,05,18,325890.0,3364050.0
20030518,2003,05,18,325920.0,3364050.0
20030518,2003,05,18,325950.0,3364050.0
20030518,2003,05,18,325980.0,3364050.0
20030518,2003,05,18,326010.0,3364020.0
20030518,2003,05,18,326040.0,3364020.0
20030518,2003,05,18,326070.0,3364020.0
20030518,2003,05,18,326100.0,3364020.0
20030518,2003,05,18,326130.0,3364020.0
20030518,2003,05,18,326160.0,3364020.0
20030518,2003,05,18,326190.0,3364020.0
20030518,2003,05,18,326220.0,3363990.0
20030518,2003,05,18,326250.0,3363990.0
20030518,2003,05,18,326280.0,3363990.0
20030518,2003,05,18,326310.0,3363990.0
20030518,2003,05,18,326340.0,3363960.0
20030518,2003,05,18,326370.0,3363960.0
20030518,2003,05,18,326400.0,3363960.0
20030518,2003,05,18,326430.0,3363960.0
20030518,2003,05,18,326460.0,3363930.0
20030518,2003,05,18,326490.0,3363930.0
20030518,2003,05,18,326490.0,3363900.0
20030518,2003,05,18,326520.0,3363900.0
20030518,2003,05,18,326520.0,3363870.0
20030518,2003,05,18,326550.0,3363870.0
20030518,2003,05,18,326550.0,3363840.0
20030518,2003,05,18,326580.0,3363840.0
20030518,2003,05,18,326580.0,3363810.0
20030518,2003,05,18,326580.0,3363780.0
20030518,2003,05,18,326610.0,3363780.0
20030518,2003,05,18,326610.0,3363750.0
20030518,2003,05,18,326640.0,3363750.0
20030518,2003,05,18,326640.0,3363720.0
20030518,2003,05,18,326640.0,3363690.0
20030518,2003,05,18,326670.0,3363690.0
20030518,2003,05,18,326670.0,3363660.0
20030518,2003,05,18,326670.0,3363630.0
20030518,2003,05,18,326670.0,3363600.0
20030518,2003,05,18,326670.0,3363570.0
20030518,2003,05,18,326670.0,3363540.0
20030518,2003,05,18,326670.0,3363510.0
20030518,2003,05,18,326670.0,3363480.0
20030518,2003,05,18,326670.0,3363450.0
20030518,2003,05,18,326670.0,3363420.0
20030518,2003,05,18,326670.0,3363390.0
20030518,2003,05,18,326670.0,3363360.0
20030518,2003,05,18,326670.0,3363330.0
20030518,2003,05,18,326670.0,3363300.0
20030518,2003,05,18,326670.0,3363270.0
20030518,2003,05,18,326700.0,3363240.0
20030518,2003,05,18,326700.0,3363210.0
20030518,2003,05,18,326700.0,3363180.0
20030518,2003,05,18,326700.0,3363150.0
20030518,2003,05,18,326700.0,3363120.0
20030518,2003,05,18,326700.0,3363090.0
20030518,2003,05,18,326700.0,3363060.0
20030518,2003,05,18,326700.0,3363030.0
20030518,2003,05,18,326700.0,3363000.0
20030518,2003,05,18,326670.0,3362970.0
20030518,2003,05,18,326670.0,3362940.0
20030518,2003,05,18,326670.0,3362910.0
20030518,2003,05,18,326670.0,3362880.0
20030518,2003,05,18,326670.0,3362850.0
20030518,2003,05,18,326670.0,3362820.0
20030518,2003,05,18,326670.0,3362790.0
20030518,2003,05,18,326670.0,3362760.0
20030518,2003,05,18,326670.0,3362730.0
20030518,2003,05,18,326640.0,3362700.0
20030518,2003,05,18,326640.0,3362670.0
20030518,2003,05,18,326610.0,3362670.0
20030518,2003,05,18,326610.0,3362640.0
20030518,2003,05,18,326580.0,3362640.0
20030518,2003,05,18,326550.0,3362640.0
20030518,2003,05,18,326520.0,3362610.0
20030518,2003,05,18,326490.0,3362610.0
20030518,2003,05,18,326460.0,3362610.0
20030518,2003,05,18,326430.0,3362610.0
20030518,2003,05,18,326400.0,3362610.0
20030518,2003,05,18,326370.0,3362610.0
20030518,2003,05,18,326370.0,3362640.0
20030518,2003,05,18,326340.0,3362640.0
20030518,2003,05,18,326310.0,3362640.0
20030518,2003,05,18,326310.0,3362670.0
20030518,2003,05,18,326280.0,3362670.0
20030518,2003,05,18,326280.0,3362700.0
20030518,2003,05,18,326250.0,3362700.0
20030518,2003,05,18,326220.0,3362700.0
20030518,2003,05,18,326220.0,3362730.0
20030518,2003,05,18,326190.0,3362730.0
20030518,2003,05,18,326190.0,3362760.0
20030518,2003,05,18,326160.0,3362760.0
20030518,2003,05,18,326160.0,3362790.0
20030518,2003,05,18,326130.0,3362790.0
20030518,2003,05,18,326100.0,3362790.0
20030518,2003,05,18,326100.0,3362820.0
20030518,2003,05,18,326070.0,3362820.0
20030518,2003,05,18,326040.0,3362820.0
20030518,2003,05,18,326040.0,3362850.0
20030518,2003,05,18,326010.0,3362850.0
20030518,2003,05,18,326010.0,3362880.0
20030518,2003,05,18,325980.0,3362880.0
20030518,2003,05,18,325950.0,3362880.0
20030518,2003,05,18,325920.0,3362910.0
20030518,2003,05,18,325890.0,3362910.0
20030518,2003,05,18,325860.0,3362910.0
20030518,2003,05,18,325830.0,3362940.0
20030518,2003,05,18,325800.0,3362940.0
20030518,2003,05,18,325770.0,3362940.0
20030518,2003,05,18,325740.0,3362940.0
20030518,2003,05,18,325710.0,3362940.0
20030518,2003,05,18,325680.0,3362940.0
20030518,2003,05,18,325650.0,3362940.0
20030518,2003,05,18,325620.0,3362940.0
20030518,2003,05,18,325590.0,3362940.0
20030518,2003,05,18,325590.0,3362910.0
20030518,2003,05,18,325560.0,3362910.0
20030518,2003,05,18,325530.0,3362910.0
20030518,2003,05,18,325530.0,3362880.0
20030518,2003,05,18,325530.0,3362850.0
20030518,2003,05,18,325500.0,3362850.0
20030518,2003,05,18,325500.0,3362820.0
20030518,2003,05,18,325500.0,3362790.0
20030518,2003,05,18,325500.0,3362760.0
20030518,2003,05,18,325500.0,3362730.0
20030518,2003,05,18,325500.0,3362700.0
20030518,2003,05,18,325500.0,3362670.0
20030518,2003,05,18,325500.0,3362640.0
20030518,2003,05,18,325530.0,3362610.0
20030518,2003,05,18,325530.0,3362580.0
20030518,2003,05,18,325530.0,3362550.0
20030518,2003,05,18,325530.0,3362520.0
20030518,2003,05,18,325560.0,3362490.0
20030518,2003,05,18,325560.0,3362460.0
20030518,2003,05,18,325560.0,3362430.0
20030518,2003,05,18,325590.0,3362430.0
20030518,2003,05,18,325590.0,3362400.0
20030518,2003,05,18,325620.0,3362400.0
20030518,2003,05,18,325620.0,3362370.0
20030518,2003,05,18,325620.0,3362340.0
20030518,2003,05,18,325650.0,3362340.0
20030518,2003,05,18,325650.0,3362310.0
20030518,2003,05,18,325680.0,3362310.0
20030518,2003,05,18,325680.0,3362280.0
20030518,2003,05,18,325710.0,3362280.0
20030518,2003,05,18,325710.0,3362250.0
20030518,2003,05,18,325740.0,3362250.0
20030518,2003,05,18,325740.0,3362220.0
20030518,2003,05,18,325770.0,3362220.0
20030518,2003,05,18,325770.0,3362190.0
20030518,2003,05,18,325800.0,3362190.0
20030518,2003,05,18,325800.0,3362160.0
20030518,2003,05,18,325830.0,3362160.0
20030518,2003,05,18,325830.0,3362130.0
20030518,2003,05,18,325830.0,3362100.0
20030518,2003,05,18,325860.0,3362100.0
20030518,2003,05,18,325860.0,3362070.0
20030518,2003,05,18,325860.0,3362040.0
20030518,2003,05,18,325890.0,3362040.0
20030518,2003,05,18,325890.0,3362010.0
20030518,2003,05,18,325920.0,3362010.0
20030518,2003,05,18,325920.0,3361980.0
20030518,2003,05,18,325950.0,3361980.0
20030518,2003,05,18,325950.0,3361950.0
20030518,2003,05,18,325980.0,3361950.0
20030518,2003,05,18,325980.0,3361920.0
20030518,2003,05,18,326010.0,3361920.0
20030518,2003,05,18,326010.0,3361890.0
20030518,2003,05,18,326040.0,3361890.0
20030518,2003,05,18,326040.0,3361860.0
20030518,2003,05,18,326070.0,3361860.0
20030518,2003,05,18,326070.0,3361830.0
20030518,2003,05,18,326100.0,3361830.0
20030518,2003,05,18,326130.0,3361830.0
20030518,2003,05,18,326130.0,3361800.0
20030518,2003,05,18,326160.0,3361800.0
20030518,2003,05,18,326160.0,3361770.0
20030518,2003,05,18,326190.0,3361770.0
20030518,2003,05,18,326220.0,3361770.0
20030518,2003,05,18,326220.0,3361740.0
20030518,2003,05,18,326250.0,3361740.0
20030518,2003,05,18,326280.0,3361740.0
20030518,2003,05,18,326280.0,3361710.0
20030518,2003,05,18,326310.0,3361710.0
20030518,2003,05,18,326340.0,3361710.0
20030518,2003,05,18,326340.0,3361680.0
20030518,2003,05,18,326370.0,3361680.0
20030518,2003,05,18,326400.0,3361680.0
20030518,2003,05,18,326430.0,3361650.0
20030518,2003,05,18,326460.0,3361650.0
20030518,2003,05,18,326490.0,3361650.0
20030518,2003,05,18,326520.0,3361650.0
20030518,2003,05,18,326550.0,3361650.0
20030518,2003,05,18,326580.0,3361650.0
20030518,2003,05,18,326610.0,3361620.0
20030518,2003,05,18,326640.0,3361620.0
20030518,2003,05,18,326670.0,3361620.0
20030518,2003,05,18,326700.0,3361620.0
20030518,2003,05,18,326730.0,3361620.0
20030518,2003,05,18,326760.0,3361620.0
20030518,2003,05,18,326790.0,3361620.0
20030518,2003,05,18,326820.0,3361620.0
20030518,2003,05,18,326850.0,3361620.0
20030518,2003,05,18,326880.0,3361620.0
20030518,2003,05,18,326910.0,3361620.0
20030518,2003,05,18,326940.0,3361620.0
20030518,2003,05,18,326970.0,3361620.0
20030518,2003,05,18,327000.0,3361620.0
20030518,2003,05,18,327030.0,3361620.0
20030518,2003,05,18,327060.0,3361590.0
20030518,2003,05,18,327090.0,3361590.0
20030518,2003,05,18,327120.0,3361590.0
20030518,2003,05,18,327150.0,3361590.0
20030518,2003,05,18,327180.0,3361590.0
20030518,2003,05,18,327210.0,3361590.0
20030518,2003,05,18,327240.0,3361560.0
20030518,2003,05,18,327270.0,3361560.0
20030518,2003,05,18,327300.0,3361560.0
20030518,2003,05,18,327330.0,3361530.0
20030518,2003,05,18,327360.0,3361530.0
20030518,2003,05,18,327390.0,3361530.0
20030518,2003,05,18,327420.0,3361530.0
20030518,2003,05,18,327420.0,3361500.0
20030518,2003,05,18,327450.0,3361500.0
20030518,2003,05,18,327480.0,3361500.0
20030518,2003,05,18,327480.0,3361470.0
20030518,2003,05,18,327510.0,3361470.0
20030518,2003,05,18,327510.0,3361440.0
20030518,2003,05,18,327540.0,3361440.0
20030518,2003,05,18,327570.0,3361440.0
20030518,2003,05,18,327570.0,3361410.0
20030518,2003,05,18,327600.0,3361410.0
20030518,2003,05,18,327600.0,3361380.0
20030518,2003,05,18,327630.0,3361380.0
20030518,2003,05,18,327630.0,3361350.0
20030518,2003,05,18,327660.0,3361350.0
20030518,2003,05,18,327660.0,3361320.0
20030518,2003,05,18,327690.0,3361320.0
20030518,2003,05,18,327690.0,3361290.0
20030518,2003,05,18,327720.0,3361290.0
20030518,2003,05,18,327720.0,3361260.0
20030518,2003,05,18,327750.0,3361260.0
20030518,2003,05,18,327750.0,3361230.0
20030518,2003,05,18,327780.0,3361230.0
20030518,2003,05,18,327780.0,3361200.0
20030518,2003,05,18,327780.0,3361170.0
20030518,2003,05,18,327810.0,3361170.0
20030518,2003,05,18,327810.0,3361140.0
20030518,2003,05,18,327810.0,3361110.0
20030518,2003,05,18,327840.0,3361110.0
20030518,2003,05,18,327840.0,3361080.0
20030518,2003,05,18,327840.0,3361050.0
20030518,2003,05,18,327870.0,3361020.0
20030518,2003,05,18,327870.0,3360990.0
20030518,2003,05,18,327870.0,3360960.0
20030518,2003,05,18,327870.0,3360930.0
20030518,2003,05,18,327870.0,3360900.0
20030518,2003,05,18,327870.0,3360870.0
20030518,2003,05,18,327870.0,3360840.0
20030518,2003,05,18,327870.0,3360810.0
20030518,2003,05,18,327870.0,3360780.0
20030518,2003,05,18,327840.0,3360750.0
20030518,2003,05,18,327840.0,3360720.0
20030518,2003,05,18,327810.0,3360690.0
20030518,2003,05,18,327810.0,3360660.0
20030518,2003,05,18,327810.0,3360630.0
20030518,2003,05,18,327780.0,3360600.0
20030518,2003,05,18,327780.0,3360570.0
20030518,2003,05,18,327780.0,3360540.0
20030518,2003,05,18,327750.0,3360510.0
20030518,2003,05,18,327750.0,3360480.0
20030518,2003,05,18,327720.0,3360450.0
20030518,2003,05,18,327720.0,3360420.0
20030518,2003,05,18,327720.0,3360390.0
20030518,2003,05,18,327720.0,3360360.0
20030518,2003,05,18,327690.0,3360360.0
20030518,2003,05,18,327690.0,3360330.0
20030518,2003,05,18,327690.0,3360300.0
20030518,2003,05,18,327690.0,3360270.0
20030518,2003,05,18,327690.0,3360240.0
20030518,2003,05,18,327690.0,3360210.0
20030518,2003,05,18,327690.0,3360180.0
20030518,2003,05,18,327690.0,3360150.0
20030518,2003,05,18,327720.0,3360120.0
20030518,2003,05,18,327720.0,3360090.0
20030518,2003,05,18,327720.0,3360060.0
20030518,2003,05,18,327720.0,3360030.0
20030518,2003,05,18,327720.0,3360000.0
20030518,2003,05,18,327750.0,3359970.0
20030518,2003,05,18,327750.0,3359940.0
20030518,2003,05,18,327750.0,3359910.0
20030518,2003,05,18,327750.0,3359880.0
20030518,2003,05,18,327780.0,3359850.0
20030518,2003,05,18,327780.0,3359820.0
20030518,2003,05,18,327780.0,3359790.0
20030518,2003,05,18,327810.0,3359760.0
20030518,2003,05,18,327810.0,3359730.0
20030518,2003,05,18,327810.0,3359700.0
20030518,2003,05,18,327840.0,3359670.0
20030518,2003,05,18,327840.0,3359640.0
20030518,2003,05,18,327840.0,3359610.0
20030518,2003,05,18,327870.0,3359580.0
20030518,2003,05,18,327870.0,3359550.0
20030518,2003,05,18,327870.0,3359520.0
20030518,2003,05,18,327870.0,3359490.0
20030518,2003,05,18,327870.0,3359460.0
20030518,2003,05,18,327870.0,3359430.0
20030518,2003,05,18,327870.0,3359400.0
20030518,2003,05,18,327870.0,3359370.0
20030518,2003,05,18,327870.0,3359340.0
20030518,2003,05,18,327900.0,3359310.0
20030518,2003,05,18,327900.0,3359280.0
20030518,2003,05,18,327900.0,3359250.0
20030518,2003,05,18,327900.0,3359220.0
20030518,2003,05,18,327900.0,3359190.0
20030518,2003,05,18,327900.0,3359160.0
20030518,2003,05,18,327900.0,3359130.0
20030518,2003,05,18,327900.0,3359100.0
20030518,2003,05,18,327900.0,3359070.0
20030518,2003,05,18,327930.0,3359070.0
20030518,2003,05,18,327930.0,3359040.0
20030518,2003,05,18,327930.0,3359010.0
20030518,2003,05,18,327960.0,3358980.0
20030518,2003,05,18,327960.0,3358950.0
20030518,2003,05,18,327960.0,3358920.0
20030518,2003,05,18,327990.0,3358920.0
20030518,2003,05,18,327990.0,3358890.0
20030518,2003,05,18,328020.0,3358890.0
20030518,2003,05,18,328020.0,3358860.0
20030518,2003,05,18,328050.0,3358860.0
20030518,2003,05,18,328050.0,3358830.0
20030518,2003,05,18,328080.0,3358830.0
20030518,2003,05,18,328110.0,3358830.0
20030518,2003,05,18,328140.0,3358800.0
20030518,2003,05,18,328170.0,3358800.0
20030518,2003,05,18,328200.0,3358800.0
20030518,2003,05,18,328230.0,3358800.0
20030518,2003,05,18,328260.0,3358800.0
20030518,2003,05,18,328290.0,3358800.0
20030518,2003,05,18,328320.0,3358800.0
20030518,2003,05,18,328350.0,3358830.0
20030518,2003,05,18,328380.0,3358830.0
20030518,2003,05,18,328410.0,3358830.0
20030518,2003,05,18,328440.0,3358830.0
20030518,2003,05,18,328440.0,3358860.0
20030518,2003,05,18,328470.0,3358860.0
20030518,2003,05,18,328500.0,3358860.0
20030518,2003,05,18,328500.0,3358890.0
20030518,2003,05,18,328530.0,3358890.0
20030518,2003,05,18,328560.0,3358890.0
20030518,2003,05,18,328560.0,3358920.0
20030518,2003,05,18,328590.0,3358920.0
20030518,2003,05,18,328620.0,3358920.0
20030518,2003,05,18,328620.0,3358950.0
20030518,2003,05,18,328650.0,3358950.0
20030518,2003,05,18,328680.0,3358980.0
20030518,2003,05,18,328710.0,3358980.0
20030518,2003,05,18,328740.0,3358980.0
20030518,2003,05,18,328770.0,3358980.0
20030518,2003,05,18,328800.0,3358980.0
20030518,2003,05,18,328830.0,3358980.0
20030518,2003,05,18,328860.0,3358950.0
20030518,2003,05,18,328890.0,3358950.0
20030518,2003,05,18,328890.0,3358920.0
20030518,2003,05,18,328920.0,3358920.0
20030518,2003,05,18,328920.0,3358890.0
20030518,2003,05,18,328950.0,3358890.0
20030518,2003,05,18,328950.0,3358860.0
20030518,2003,05,18,328980.0,3358860.0
20030518,2003,05,18,328980.0,3358830.0
20030518,2003,05,18,328980.0,3358800.0
20030518,2003,05,18,329010.0,3358770.0
20030518,2003,05,18,329010.0,3358740.0
20030518,2003,05,18,329010.0,3358710.0
20030518,2003,05,18,329010.0,3358680.0
20030518,2003,05,18,329010.0,3358650.0
20030518,2003,05,18,329010.0,3358620.0
20030518,2003,05,18,329010.0,3358590.0
20030518,2003,05,18,329010.0,3358560.0
20030518,2003,05,18,329010.0,3358530.0
20030518,2003,05,18,329010.0,3358500.0
20030518,2003,05,18,328980.0,3358470.0
20030518,2003,05,18,328980.0,3358440.0
20030518,2003,05,18,328980.0,3358410.0
20030518,2003,05,18,328980.0,3358380.0
20030518,2003,05,18,328980.0,3358350.0
20030518,2003,05,18,328950.0,3358320.0
20030518,2003,05,18,328950.0,3358290.0
20030518,2003,05,18,328950.0,3358260.0
20030518,2003,05,18,328950.0,3358230.0
20030518,2003,05,18,328920.0,3358200.0
20030518,2003,05,18,328920.0,3358170.0
20030518,2003,05,18,328890.0,3358140.0
20030518,2003,05,18,328890.0,3358110.0
20030518,2003,05,18,328890.0,3358080.0
20030518,2003,05,18,328890.0,3358050.0
20030518,2003,05,18,328860.0,3358020.0
20030518,2003,05,18,328860.0,3357990.0
20030518,2003,05,18,328860.0,3357960.0
20030518,2003,05,18,328830.0,3357930.0
20030518,2003,05,18,328830.0,3357900.0
20030518,2003,05,18,328830.0,3357870.0
20030518,2003,05,18,328800.0,3357840.0
20030518,2003,05,18,328800.0,3357810.0
20030518,2003,05,18,328800.0,3357780.0
20030518,2003,05,18,328770.0,3357780.0
20030518,2003,05,18,328770.0,3357750.0
20030518,2003,05,18,328770.0,3357720.0
20030518,2003,05,18,328740.0,3357720.0
20030518,2003,05,18,328740.0,3357690.0
20030518,2003,05,18,328740.0,3357660.0
20030518,2003,05,18,328710.0,3357660.0
20030518,2003,05,18,328710.0,3357630.0
20030518,2003,05,18,328680.0,3357630.0
20030518,2003,05,18,328680.0,3357600.0
20030518,2003,05,18,328650.0,3357600.0
20030518,2003,05,18,328650.0,3357570.0
20030518,2003,05,18,328620.0,3357570.0
20030518,2003,05,18,328620.0,3357540.0
20030518,2003,05,18,328590.0,3357540.0
20030518,2003,05,18,328560.0,3357540.0
20030518,2003,05,18,328560.0,3357510.0
20030518,2003,05,18,328530.0,3357510.0
20030518,2003,05,18,328500.0,3357510.0
20030518,2003,05,18,328470.0,3357510.0
20030518,2003,05,18,328440.0,3357510.0
20030518,2003,05,18,328410.0,3357510.0
20030518,2003,05,18,328380.0,3357510.0
20030518,2003,05,18,328350.0,3357510.0
20030518,2003,05,18,328320.0,3357510.0
20030518,2003,05,18,328290.0,3357510.0
20030518,2003,05,18,328260.0,3357510.0
20030518,2003,05,18,328230.0,3357510.0
20030518,2003,05,18,328200.0,3357540.0
20030518,2003,05,18,328170.0,3357540.0
20030518,2003,05,18,328140.0,3357540.0
20030518,2003,05,18,328140.0,3357570.0
20030518,2003,05,18,328110.0,3357570.0
20030518,2003,05,18,328080.0,3357570.0
20030518,2003,05,18,328080.0,3357600.0
20030518,2003,05,18,328050.0,3357600.0
20030518,2003,05,18,328050.0,3357630.0
20030518,2003,05,18,328020.0,3357630.0
20030518,2003,05,18,328020.0,3357660.0
20030518,2003,05,18,327990.0,3357660.0
20030518,2003,05,18,327960.0,3357660.0
20030518,2003,05,18,327960.0,3357690.0
20030518,2003,05,18,327930.0,3357690.0
20030518,2003,05,18,327930.0,3357720.0
20030518,2003,05,18,327900.0,3357720.0
20030518,2003,05,18,327900.0,3357750.0
20030518,2003,05,18,327870.0,3357750.0
20030518,2003,05,18,327870.0,3357780.0
20030518,2003,05,18,327840.0,3357780.0
20030518,2003,05,18,327840.0,3357810.0
20030518,2003,05,18,327810.0,3357810.0
20030518,2003,05,18,327810.0,3357840.0
20030518,2003,05,18,327780.0,3357840.0
20030518,2003,05,18,327780.0,3357870.0
20030518,2003,05,18,327750.0,3357870.0
20030518,2003,05,18,327750.0,3357900.0
20030518,2003,05,18,327720.0,3357900.0
20030518,2003,05,18,327690.0,3357930.0
20030518,2003,05,18,327660.0,3357930.0
20030518,2003,05,18,327630.0,3357960.0
20030518,2003,05,18,327600.0,3357960.0
20030518,2003,05,18,327570.0,3357960.0
20030518,2003,05,18,327540.0,3357960.0
20030518,2003,05,18,327510.0,3357930.0
20030518,2003,05,18,327480.0,3357930.0
20030518,2003,05,18,327480.0,3357900.0
20030518,2003,05,18,327450.0,3357900.0
20030518,2003,05,18,327450.0,3357870.0
20030518,2003,05,18,327420.0,3357870.0
20030518,2003,05,18,327420.0,3357840.0
20030518,2003,05,18,327390.0,3357840.0
20030518,2003,05,18,327390.0,3357810.0
20030518,2003,05,18,327390.0,3357780.0
20030518,2003,05,18,327360.0,3357780.0
20030518,2003,05,18,327360.0,3357750.0
20030518,2003,05,18,327360.0,3357720.0
20030518,2003,05,18,327360.0,3357690.0
20030518,2003,05,18,327360.0,3357660.0
20030518,2003,05,18,327360.0,3357630.0
20030518,2003,05,18,327360.0,3357600.0
20030518,2003,05,18,327360.0,3357570.0
20030518,2003,05,18,327360.0,3357540.0
20030518,2003,05,18,327390.0,3357540.0
20030518,2003,05,18,327390.0,3357510.0
20030518,2003,05,18,327390.0,3357480.0
20030518,2003,05,18,327420.0,3357480.0
20030518,2003,05,18,327420.0,3357450.0
20030518,2003,05,18,327450.0,3357450.0
20030518,2003,05,18,327450.0,3357420.0
20030518,2003,05,18,327480.0,3357420.0
20030518,2003,05,18,327480.0,3357390.0
20030518,2003,05,18,327510.0,3357390.0
20030518,2003,05,18,327540.0,3357390.0
20030518,2003,05,18,327540.0,3357360.0
20030518,2003,05,18,327570.0,3357360.0
20030518,2003,05,18,327600.0,3357360.0
20030518,2003,05,18,327600.0,3357330.0
20030518,2003,05,18,327630.0,3357330.0
20030518,2003,05,18,327660.0,3357330.0
20030518,2003,05,18,327660.0,3357300.0
20030518,2003,05,18,327690.0,3357300.0
20030518,2003,05,18,327720.0,3357300.0
20030518,2003,05,18,327720.0,3357270.0
20030518,2003,05,18,327750.0,3357270.0
20030518,2003,05,18,327750.0,3357240.0
20030518,2003,05,18,327780.0,3357240.0
20030518,2003,05,18,327810.0,3357240.0
20030518,2003,05,18,327810.0,3357210.0
20030518,2003,05,18,327840.0,3357210.0
20030518,2003,05,18,327870.0,3357210.0
20030518,2003,05,18,327870.0,3357180.0
20030518,2003,05,18,327900.0,3357180.0
20030518,2003,05,18,327900.0,3357150.0
20030518,2003,05,18,327930.0,3357150.0
20030518,2003,05,18,327960.0,3357150.0
20030518,2003,05,18,327990.0,3357150.0
20030518,2003,05,18,327990.0,3357120.0
20030518,2003,05,18,328020.0,3357120.0
20030518,2003,05,18,328050.0,3357120.0
20030518,2003,05,18,328050.0,3357090.0
20030518,2003,05,18,328080.0,3357090.0
20030518,2003,05,18,328080.0,3357060.0
20030518,2003,05,18,328110.0,3357060.0
20030518,2003,05,18,328140.0,3357060.0
20030518,2003,05,18,328140.0,3357030.0
20030518,2003,05,18,328170.0,3357030.0
20030518,2003,05,18,328170.0,3357000.0
20030518,2003,05,18,328200.0,3357000.0
20030518,2003,05,18,328200.0,3356970.0
20030518,2003,05,18,328230.0,3356970.0
20030518,2003,05,18,328230.0,3356940.0
20030518,2003,05,18,328260.0,3356940.0
20030518,2003,05,18,328290.0,3356940.0
20030518,2003,05,18,328290.0,3356910.0
20030518,2003,05,18,328320.0,3356910.0
20030518,2003,05,18,328320.0,3356880.0
20030518,2003,05,18,328350.0,3356880.0
20030518,2003,05,18,328350.0,3356850.0
20030518,2003,05,18,328380.0,3356850.0
20030518,2003,05,18,328410.0,3356850.0
20030518,2003,05,18,328410.0,3356820.0
20030518,2003,05,18,328440.0,3356820.0
20030518,2003,05,18,328440.0,3356790.0
20030518,2003,05,18,328470.0,3356790.0
20030518,2003,05,18,328500.0,3356790.0
20030518,2003,05,18,328500.0,3356760.0
20030518,2003,05,18,328530.0,3356760.0
20030518,2003,05,18,328530.0,3356730.0
20030518,2003,05,18,328560.0,3356730.0
20030518,2003,05,18,328560.0,3356700.0
20030518,2003,05,18,328590.0,3356700.0
20030518,2003,05,18,328590.0,3356670.0
20030518,2003,05,18,328620.0,3356670.0
20030518,2003,05,18,328620.0,3356640.0
20030518,2003,05,18,328650.0,3356640.0
20030518,2003,05,18,328650.0,3356610.0
20030518,2003,05,18,328650.0,3356580.0
20030518,2003,05,18,328680.0,3356580.0
20030518,2003,05,18,328680.0,3356550.0
20030518,2003,05,18,328710.0,3356550.0
20030518,2003,05,18,328710.0,3356520.0
20030518,2003,05,18,328710.0,3356490.0
20030518,2003,05,18,328740.0,3356490.0
20030518,2003,05,18,328740.0,3356460.0
20030518,2003,05,18,328770.0,3356430.0
20030518,2003,05,18,328770.0,3356400.0
20030518,2003,05,18,328770.0,3356370.0
20030518,2003,05,18,328800.0,3356340.0
20030518,2003,05,18,328800.0,3356310.0
20030518,2003,05,18,328800.0,3356280.0
20030518,2003,05,18,328800.0,3356250.0
20030518,2003,05,18,328800.0,3356220.0
20030518,2003,05,18,328800.0,3356190.0
20030518,2003,05,18,328800.0,3356160.0
20030518,2003,05,18,328830.0,3356130.0
20030518,2003,05,18,328830.0,3356100.0
20030518,2003,05,18,328830.0,3356070.0
20030518,2003,05,18,328830.0,3356040.0
20030518,2003,05,18,328830.0,3356010.0
20030518,2003,05,18,328830.0,3355980.0
20030518,2003,05,18,328800.0,3355950.0
20030518,2003,05,18,328800.0,3355920.0
20030518,2003,05,18,328800.0,3355890.0
20030518,2003,05,18,328770.0,3355890.0
20030518,2003,05,18,328770.0,3355860.0
20030518,2003,05,18,328770.0,3355830.0
20030518,2003,05,18,328740.0,3355830.0
20030518,2003,05,18,328740.0,3355800.0
20030518,2003,05,18,328710.0,3355800.0
20030518,2003,05,18,328710.0,3355770.0
20030518,2003,05,18,328680.0,3355770.0
20030518,2003,05,18,328680.0,3355740.0
20030518,2003,05,18,328650.0,3355740.0
20030518,2003,05,18,328650.0,3355710.0
20030518,2003,05,18,328620.0,3355710.0
20030518,2003,05,18,328590.0,3355710.0
20030518,2003,05,18,328590.0,3355680.0
20030518,2003,05,18,328560.0,3355680.0
20030518,2003,05,18,328530.0,3355680.0
20030518,2003,05,18,328500.0,3355650.0
20030518,2003,05,18,328470.0,3355650.0
20030518,2003,05,18,328440.0,3355650.0
20030518,2003,05,18,328410.0,3355650.0
20030518,2003,05,18,328380.0,3355650.0
20030518,2003,05,18,328350.0,3355650.0
20030518,2003,05,18,328320.0,3355650.0
20030518,2003,05,18,328290.0,3355650.0
20030518,2003,05,18,328260.0,3355650.0
20030518,2003,05,18,328230.0,3355650.0
20030518,2003,05,18,328200.0,3355650.0
20030518,2003,05,18,328170.0,3355680.0
20030518,2003,05,18,328140.0,3355680.0
20030518,2003,05,18,328110.0,3355680.0
20030518,2003,05,18,328080.0,3355680.0
20030518,2003,05,18,328050.0,3355680.0
20030518,2003,05,18,328020.0,3355680.0
20030518,2003,05,18,327990.0,3355710.0
20030518,2003,05,18,327960.0,3355710.0
20030518,2003,05,18,327930.0,3355710.0
20030518,2003,05,18,327930.0,3355740.0
20030518,2003,05,18,327900.0,3355740.0
20030518,2003,05,18,327870.0,3355740.0
20030518,2003,05,18,327870.0,3355770.0
20030518,2003,05,18,327840.0,3355770.0
20030518,2003,05,18,327810.0,3355770.0
20030518,2003,05,18,327810.0,3355800.0
20030518,2003,05,18,327780.0,3355800.0
20030518,2003,05,18,327780.0,3355830.0
20030518,2003,05,18,327780.0,3355860.0
20030518,2003,05,18,327750.0,3355860.0
20030518,2003,05,18,327750.0,3355890.0
20030518,2003,05,18,327720.0,3355890.0
20030518,2003,05,18,327720.0,3355920.0
20030518,2003,05,18,327690.0,3355920.0
20030518,2003,05,18,327690.0,3355950.0
20030518,2003,05,18,327690.0,3355980.0
20030518,2003,05,18,327660.0,3355980.0
20030518,2003,05,18,327660.0,3356010.0
20030518,2003,05,18,327660.0,3356040.0
20030518,2003,05,18,327630.0,3356040.0
20030518,2003,05,18,327630.0,3356070.0
20030518,2003,05,18,327630.0,3356100.0
20030518,2003,05,18,327600.0,3356100.0
20030518,2003,05,18,327600.0,3356130.0
20030518,2003,05,18,327600.0,3356160.0
20030518,2003,05,18,327570.0,3356160.0
20030518,2003,05,18,327570.0,3356190.0
20030518,2003,05,18,327570.0,3356220.0
20030518,2003,05,18,327540.0,3356220.0
20030518,2003,05,18,327540.0,3356250.0
20030518,2003,05,18,327540.0,3356280.0
20030518,2003,05,18,327510.0,3356280.0
20030518,2003,05,18,327510.0,3356310.0
20030518,2003,05,18,327480.0,3356310.0
20030518,2003,05,18,327480.0,3356340.0
20030518,2003,05,18,327480.0,3356370.0
20030518,2003,05,18,327450.0,3356370.0
20030518,2003,05,18,327420.0,3356370.0
20030518,2003,05,18,327420.0,3356400.0
20030518,2003,05,18,327390.0,3356400.0
20030518,2003,05,18,327360.0,3356430.0
20030518,2003,05,18,327330.0,3356430.0
20030518,2003,05,18,327300.0,3356430.0
20030518,2003,05,18,327270.0,3356400.0
20030518,2003,05,18,327240.0,3356400.0
20030518,2003,05,18,327210.0,3356400.0
20030518,2003,05,18,327210.0,3356370.0
20030518,2003,05,18,327180.0,3356370.0
20030518,2003,05,18,327180.0,3356340.0
20030518,2003,05,18,327150.0,3356340.0
20030518,2003,05,18,327150.0,3356310.0
20030518,2003,05,18,327120.0,3356310.0
20030518,2003,05,18,327120.0,3356280.0
20030518,2003,05,18,327120.0,3356250.0
20030518,2003,05,18,327090.0,3356220.0
20030518,2003,05,18,327090.0,3356190.0
20030518,2003,05,18,327090.0,3356160.0
20030518,2003,05,18,327060.0,3356130.0
20030518,2003,05,18,327060.0,3356100.0
20030518,2003,05,18,327060.0,3356070.0
20030518,2003,05,18,327060.0,3356040.0
20030518,2003,05,18,327060.0,3356010.0
20030518,2003,05,18,327090.0,3355980.0
20030518,2003,05,18,327090.0,3355950.0
20030518,2003,05,18,327090.0,3355920.0
20030518,2003,05,18,327120.0,3355920.0
20030518,2003,05,18,327120.0,3355890.0
20030518,2003,05,18,327150.0,3355890.0
20030518,2003,05,18,327150.0,3355860.0
20030518,2003,05,18,327180.0,3355860.0
20030518,2003,05,18,327180.0,3355830.0
20030518,2003,05,18,327210.0,3355830.0
20030518,2003,05,18,327210.0,3355800.0
20030518,2003,05,18,327240.0,3355800.0
20030518,2003,05,18,327240.0,3355770.0
20030518,2003,05,18,327270.0,3355770.0
20030518,2003,05,18,327270.0,3355740.0
20030518,2003,05,18,327300.0,3355740.0
20030518,2003,05,18,327300.0,3355710.0
20030518,2003,05,18,327330.0,3355710.0
20030518,2003,05,18,327330.0,3355680.0
20030518,2003,05,18,327360.0,3355680.0
20030518,2003,05,18,327360.0,3355650.0
20030518,2003,05,18,327390.0,3355650.0
20030518,2003,05,18,327390.0,3355620.0
20030518,2003,05,18,327420.0,3355620.0
20030518,2003,05,18,327420.0,3355590.0
20030518,2003,05,18,327450.0,3355590.0
20030518,2003,05,18,327450.0,3355560.0
20030518,2003,05,18,327480.0,3355560.0
20030518,2003,05,18,327480.0,3355530.0
20030518,2003,05,18,327510.0,3355530.0
20030518,2003,05,18,327510.0,3355500.0
20030518,2003,05,18,327510.0,3355470.0
20030518,2003,05,18,327540.0,3355470.0
20030518,2003,05,18,327540.0,3355440.0
20030518,2003,05,18,327540.0,3355410.0
20030518,2003,05,18,327540.0,3355380.0
20030518,2003,05,18,327570.0,3355350.0
20030518,2003,05,18,327570.0,3355320.0
20030518,2003,05,18,327570.0,3355290.0
20030518,2003,05,18,327570.0,3355260.0
20030518,2003,05,18,327570.0,3355230.0
20030518,2003,05,18,327570.0,3355200.0
20030518,2003,05,18,327570.0,3355170.0
20030518,2003,05,18,327570.0,3355140.0
20030518,2003,05,18,327570.0,3355110.0
20030518,2003,05,18,327570.0,3355080.0
20030518,2003,05,18,327570.0,3355050.0
20030518,2003,05,18,327570.0,3355020.0
20030518,2003,05,18,327570.0,3354990.0
20030518,2003,05,18,327570.0,3354960.0
20030518,2003,05,18,327570.0,3354930.0
20030518,2003,05,18,327570.0,3354900.0
20030518,2003,05,18,327570.0,3354870.0
20030518,2003,05,18,327570.0,3354840.0
20030518,2003,05,18,327570.0,3354810.0
20030518,2003,05,18,327570.0,3354780.0
20030518,2003,05,18,327570.0,3354750.0
20030518,2003,05,18,327570.0,3354720.0
20030518,2003,05,18,327570.0,3354690.0
20030518,2003,05,18,327570.0,3354660.0
20030518,2003,05,18,327570.0,3354630.0
20030518,2003,05,18,327570.0,3354600.0
20030518,2003,05,18,327570.0,3354570.0
20030518,2003,05,18,327570.0,3354540.0
20030518,2003,05,18,327540.0,3354510.0
20030518,2003,05,18,327540.0,3354480.0
20030518,2003,05,18,327540.0,3354450.0
20030518,2003,05,18,327540.0,3354420.0
20030518,2003,05,18,327540.0,3354390.0
20030518,2003,05,18,327540.0,3354360.0
20030518,2003,05,18,327540.0,3354330.0
20030518,2003,05,18,327540.0,3354300.0
20030518,2003,05,18,327540.0,3354270.0
20030518,2003,05,18,327540.0,3354240.0
20030518,2003,05,18,327570.0,3354210.0
20030518,2003,05,18,327570.0,3354180.0
20030518,2003,05,18,327570.0,3354150.0
20030518,2003,05,18,327570.0,3354120.0
20030518,2003,05,18,327570.0,3354090.0
20030518,2003,05,18,327570.0,3354060.0
20030518,2003,05,18,327570.0,3354030.0
20030518,2003,05,18,327570.0,3354000.0
20030518,2003,05,18,327570.0,3353970.0
20030518,2003,05,18,327600.0,3353940.0
20030518,2003,05,18,327600.0,3353910.0
20030518,2003,05,18,327630.0,3353880.0
20030518,2003,05,18,327630.0,3353850.0
20030518,2003,05,18,327660.0,3353850.0
20030518,2003,05,18,327660.0,3353820.0
20030518,2003,05,18,327660.0,3353790.0
20030518,2003,05,18,327690.0,3353790.0
20030518,2003,05,18,327690.0,3353760.0
20030518,2003,05,18,327720.0,3353760.0
20030518,2003,05,18,327720.0,3353730.0
20030518,2003,05,18,327720.0,3353700.0
20030518,2003,05,18,327750.0,3353700.0
20030518,2003,05,18,327750.0,3353670.0
20030518,2003,05,18,327780.0,3353670.0
20030518,2003,05,18,327780.0,3353640.0
20030518,2003,05,18,327780.0,3353610.0
20030518,2003,05,18,327810.0,3353610.0
20030518,2003,05,18,327810.0,3353580.0
20030518,2003,05,18,327840.0,3353580.0
20030518,2003,05,18,327840.0,3353550.0
20030518,2003,05,18,327840.0,3353520.0
20030518,2003,05,18,327870.0,3353520.0
20030518,2003,05,18,327870.0,3353490.0
20030518,2003,05,18,327870.0,3353460.0
20030518,2003,05,18,327870.0,3353430.0
20030518,2003,05,18,327900.0,3353400.0
20030518,2003,05,18,327900.0,3353370.0
20030518,2003,05,18,327900.0,3353340.0
20030518,2003,05,18,327900.0,3353310.0
20030518,2003,05,18,327870.0,3353280.0
20030518,2003,05,18,327870.0,3353250.0
20030518,2003,05,18,327870.0,3353220.0
20030518,2003,05,18,327840.0,3353220.0
20030518,2003,05,18,327840.0,3353190.0
20030518,2003,05,18,327810.0,3353190.0
20030518,2003,05,18,327810.0,3353160.0
20030518,2003,05,18,327810.0,3353130.0
20030518,2003,05,18,327780.0,3353130.0
20030518,2003,05,18,327780.0,3353100.0
20030518,2003,05,18,327750.0,3353100.0
20030518,2003,05,18,327750.0,3353070.0
20030518,2003,05,18,327750.0,3353040.0
20030518,2003,05,18,327720.0,3353040.0
20030518,2003,05,18,327690.0,3353040.0
20030518,2003,05,18,327690.0,3353010.0
20030518,2003,05,18,327660.0,3353010.0
20030518,2003,05,18,327660.0,3352980.0
20030518,2003,05,18,327630.0,3352980.0
20030518,2003,05,18,327600.0,3352980.0
20030518,2003,05,18,327600.0,3352950.0
20030518,2003,05,18,327570.0,3352950.0
20030518,2003,05,18,327570.0,3352920.0
20030518,2003,05,18,327540.0,3352920.0
20030518,2003,05,18,327510.0,3352920.0
20030518,2003,05,18,327510.0,3352890.0
20030518,2003,05,18,327480.0,3352890.0
20030518,2003,05,18,327450.0,3352890.0
20030518,2003,05,18,327420.0,3352860.0
20030518,2003,05,18,327390.0,3352860.0
20030518,2003,05,18,327360.0,3352860.0
20030518,2003,05,18,327360.0,3352830.0
20030518,2003,05,18,327330.0,3352830.0
20030518,2003,05,18,327300.0,3352830.0
20030518,2003,05,18,327270.0,3352800.0
20030518,2003,05,18,327240.0,3352800.0
20030518,2003,05,18,327210.0,3352800.0
20030518,2003,05,18,327180.0,3352770.0
20030518,2003,05,18,327150.0,3352770.0
20030518,2003,05,18,327120.0,3352770.0
20030518,2003,05,18,327090.0,3352740.0
20030518,2003,05,18,327060.0,3352740.0
20030518,2003,05,18,327030.0,3352740.0
20030518,2003,05,18,327000.0,3352710.0
20030518,2003,05,18,326970.0,3352710.0
20030518,2003,05,18,326940.0,3352710.0
20030518,2003,05,18,326940.0,3352680.0
20030518,2003,05,18,326910.0,3352680.0
20030518,2003,05,18,326880.0,3352680.0
20030518,2003,05,18,326850.0,3352650.0
20030518,2003,05,18,326820.0,3352650.0
20030518,2003,05,18,326820.0,3352620.0
20030518,2003,05,18,326790.0,3352620.0
20030518,2003,05,18,326760.0,3352620.0
20030518,2003,05,18,326760.0,3352590.0
20030518,2003,05,18,326730.0,3352590.0
20030518,2003,05,18,326730.0,3352560.0
20030518,2003,05,18,326700.0,3352560.0
20030518,2003,05,18,326700.0,3352530.0
20030518,2003,05,18,326670.0,3352530.0
20030518,2003,05,18,326670.0,3352500.0
20030518,2003,05,18,326640.0,3352500.0
20030518,2003,05,18,326640.0,3352470.0
20030518,2003,05,18,326610.0,3352470.0
20030518,2003,05,18,326610.0,3352440.0
20030518,2003,05,18,326580.0,3352440.0
20030518,2003,05,18,326580.0,3352410.0
20030518,2003,05,18,326550.0,3352410.0
20030518,2003,05,18,326550.0,3352380.0
20030518,2003,05,18,326520.0,3352380.0
20030518,2003,05,18,326520.0,3352350.0
20030518,2003,05,18,326490.0,3352350.0
20030518,2003,05,18,326490.0,3352320.0
20030518,2003,05,18,326460.0,3352320.0
20030518,2003,05,18,326460.0,3352290.0
20030518,2003,05,18,326460.0,3352260.0
20030518,2003,05,18,326430.0,3352260.0
20030518,2003,05,18,326430.0,3352230.0
20030518,2003,05,18,326400.0,3352230.0
20030518,2003,05,18,326400.0,3352200.0
20030518,2003,05,18,326370.0,3352200.0
20030518,2003,05,18,326370.0,3352170.0
20030518,2003,05,18,326340.0,3352170.0
20030518,2003,05,18,326340.0,3352140.0
20030518,2003,05,18,326310.0,3352140.0
20030518,2003,05,18,326310.0,3352110.0
20030518,2003,05,18,326310.0,3352080.0
20030518,2003,05,18,326280.0,3352080.0
20030518,2003,05,18,326280.0,3352050.0
20030518,2003,05,18,326280.0,3352020.0
20030518,2003,05,18,326280.0,3351990.0
20030518,2003,05,18,326280.0,3351960.0
20030518,2003,05,18,326280.0,3351930.0
20030518,2003,05,18,326250.0,3351900.0
20030518,2003,05,18,326250.0,3351870.0
20030518,2003,05,18,326250.0,3351840.0
20030518,2003,05,18,326220.0,3351840.0
20030518,2003,05,18,326220.0,3351810.0
20030518,2003,05,18,326220.0,3351780.0
20030518,2003,05,18,326220.0,3351750.0
20030518,2003,05,18,326220.0,3351720.0
20030518,2003,05,18,326220.0,3351690.0
20030518,2003,05,18,326250.0,3351660.0
20030518,2003,05,18,326250.0,3351630.0
20030518,2003,05,18,326250.0,3351600.0
20030518,2003,05,18,326280.0,3351600.0
20030518,2003,05,18,326280.0,3351570.0
20030518,2003,05,18,326310.0,3351570.0
20030518,2003,05,18,326310.0,3351540.0
20030518,2003,05,18,326340.0,3351540.0
20030518,2003,05,18,326340.0,3351510.0
20030518,2003,05,18,326370.0,3351510.0
20030518,2003,05,18,326370.0,3351480.0
20030518,2003,05,18,326400.0,3351480.0
20030518,2003,05,18,326400.0,3351450.0
20030518,2003,05,18,326430.0,3351450.0
20030518,2003,05,18,326430.0,3351420.0
20030518,2003,05,18,326460.0,3351420.0
20030518,2003,05,18,326460.0,3351390.0
20030518,2003,05,18,326490.0,3351390.0
20030518,2003,05,18,326490.0,3351360.0
20030518,2003,05,18,326520.0,3351360.0
20030518,2003,05,18,326520.0,3351330.0
20030518,2003,05,18,326550.0,3351330.0
20030518,2003,05,18,326580.0,3351330.0
20030518,2003,05,18,326580.0,3351300.0
20030518,2003,05,18,326610.0,3351300.0
20030518,2003,05,18,326610.0,3351270.0
20030518,2003,05,18,326640.0,3351270.0
20030518,2003,05,18,326670.0,3351270.0
20030518,2003,05,18,326670.0,3351240.0
20030518,2003,05,18,326700.0,3351240.0
20030518,2003,05,18,326730.0,3351240.0
20030518,2003,05,18,326730.0,3351210.0
20030518,2003,05,18,326760.0,3351210.0
20030518,2003,05,18,326790.0,3351210.0
20030518,2003,05,18,326790.0,3351180.0
20030518,2003,05,18,326820.0,3351180.0
20030518,2003,05,18,326820.0,3351150.0
20030518,2003,05,18,326850.0,3351150.0
20030518,2003,05,18,326880.0,3351150.0
20030518,2003,05,18,326880.0,3351120.0
20030518,2003,05,18,326910.0,3351120.0
20030518,2003,05,18,326940.0,3351120.0
20030518,2003,05,18,326940.0,3351090.0
20030518,2003,05,18,326970.0,3351090.0
20030518,2003,05,18,326970.0,3351060.0
20030518,2003,05,18,327000.0,3351060.0
20030518,2003,05,18,327000.0,3351030.0
20030518,2003,05,18,327030.0,3351030.0
20030518,2003,05,18,327030.0,3351000.0
20030518,2003,05,18,327060.0,3351000.0
20030518,2003,05,18,327060.0,3350970.0
20030518,2003,05,18,327090.0,3350940.0
20030518,2003,05,18,327090.0,3350910.0
20030518,2003,05,18,327090.0,3350880.0
20030518,2003,05,18,327090.0,3350850.0
20030518,2003,05,18,327090.0,3350820.0
20030518,2003,05,18,327090.0,3350790.0
20030518,2003,05,18,327090.0,3350760.0
20030518,2003,05,18,327090.0,3350730.0
20030518,2003,05,18,327090.0,3350700.0
20030518,2003,05,18,327060.0,3350670.0
20030518,2003,05,18,327060.0,3350640.0
20030518,2003,05,18,327030.0,3350640.0
20030518,2003,05,18,327030.0,3350610.0
20030518,2003,05,18,327030.0,3350580.0
20030518,2003,05,18,327000.0,3350580.0
20030518,2003,05,18,327000.0,3350550.0
20030518,2003,05,18,326970.0,3350550.0
20030518,2003,05,18,326970.0,3350520.0
20030518,2003,05,18,326970.0,3350490.0
20030518,2003,05,18,326940.0,3350490.0
20030518,2003,05,18,326940.0,3350460.0
20030518,2003,05,18,326910.0,3350460.0
20030518,2003,05,18,326910.0,3350430.0
20030518,2003,05,18,326910.0,3350400.0
20030518,2003,05,18,326880.0,3350400.0
20030518,2003,05,18,326880.0,3350370.0
20030518,2003,05,18,326850.0,3350370.0
20030518,2003,05,18,326850.0,3350340.0
20030518,2003,05,18,326850.0,3350310.0
20030518,2003,05,18,326820.0,3350310.0
20030518,2003,05,18,326820.0,3350280.0
20030518,2003,05,18,326820.0,3350250.0
20030518,2003,05,18,326820.0,3350220.0
20030518,2003,05,18,326820.0,3350190.0
20030518,2003,05,18,326820.0,3350160.0
20030518,2003,05,18,326820.0,3350130.0
20030518,2003,05,18,326820.0,3350100.0
20030518,2003,05,18,326850.0,3350070.0
20030518,2003,05,18,326850.0,3350040.0
20030518,2003,05,18,326880.0,3350040.0
20030518,2003,05,18,326880.0,3350010.0
20030518,2003,05,18,326880.0,3349980.0
20030518,2003,05,18,326910.0,3349980.0
20030518,2003,05,18,326910.0,3349950.0
20030518,2003,05,18,326940.0,3349950.0
20030518,2003,05,18,326940.0,3349920.0
20030518,2003,05,18,326970.0,3349920.0
20030518,2003,05,18,327000.0,3349920.0
20030518,2003,05,18,327000.0,3349890.0
20030518,2003,05,18,327030.0,3349890.0
20030518,2003,05,18,327060.0,3349890.0
20030518,2003,05,18,327090.0,3349860.0
20030518,2003,05,18,327120.0,3349860.0
20030518,2003,05,18,327150.0,3349860.0
20030518,2003,05,18,327180.0,3349860.0
20030518,2003,05,18,327210.0,3349860.0
20030518,2003,05,18,327240.0,3349860.0
20030518,2003,05,18,327270.0,3349860.0
20030518,2003,05,18,327300.0,3349860.0
20030518,2003,05,18,327330.0,3349860.0
20030518,2003,05,18,327360.0,3349890.0
20030518,2003,05,18,327390.0,3349890.0
20030518,2003,05,18,327420.0,3349890.0
20030518,2003,05,18,327420.0,3349920.0
20030518,2003,05,18,327450.0,3349920.0
20030518,2003,05,18,327480.0,3349920.0
20030518,2003,05,18,327480.0,3349950.0
20030518,2003,05,18,327510.0,3349950.0
20030518,2003,05,18,327510.0,3349980.0
20030518,2003,05,18,327540.0,3349980.0
20030518,2003,05,18,327570.0,3349980.0
20030518,2003,05,18,327570.0,3350010.0
20030518,2003,05,18,327600.0,3350010.0
20030518,2003,05,18,327630.0,3350010.0
20030518,2003,05,18,327630.0,3350040.0
20030518,2003,05,18,327660.0,3350040.0
20030518,2003,05,18,327660.0,3350070.0
20030518,2003,05,18,327690.0,3350070.0
20030518,2003,05,18,327720.0,3350070.0
20030518,2003,05,18,327720.0,3350100.0
20030518,2003,05,18,327750.0,3350100.0
20030518,2003,05,18,327750.0,3350130.0
20030518,2003,05,18,327780.0,3350130.0
20030518,2003,05,18,327810.0,3350130.0
20030518,2003,05,18,327840.0,3350160.0
20030518,2003,05,18,327870.0,3350190.0
20030518,2003,05,18,327900.0,3350190.0
20030518,2003,05,18,327930.0,3350190.0
20030518,2003,05,18,327960.0,3350190.0
20030518,2003,05,18,327990.0,3350190.0
20030518,2003,05,18,328020.0,3350190.0
20030518,2003,05,18,328050.0,3350190.0
20030518,2003,05,18,328080.0,3350190.0
20030518,2003,05,18,328080.0,3350160.0
20030518,2003,05,18,328110.0,3350160.0
20030518,2003,05,18,328110.0,3350130.0
20030518,2003,05,18,328140.0,3350130.0
20030518,2003,05,18,328140.0,3350100.0
20030518,2003,05,18,328170.0,3350100.0
20030518,2003,05,18,328170.0,3350070.0
20030518,2003,05,18,328200.0,3350070.0
20030518,2003,05,18,328200.0,3350040.0
20030518,2003,05,18,328200.0,3350010.0
20030518,2003,05,18,328230.0,3350010.0
20030518,2003,05,18,328230.0,3349980.0
20030518,2003,05,18,328230.0,3349950.0
20030518,2003,05,18,328230.0,3349920.0
20030518,2003,05,18,328230.0,3349890.0
20030518,2003,05,18,328230.0,3349860.0
20030518,2003,05,18,328230.0,3349830.0
20030518,2003,05,18,328230.0,3349800.0
20030518,2003,05,18,328200.0,3349800.0
20030518,2003,05,18,328200.0,3349770.0
20030518,2003,05,18,328200.0,3349740.0
20030518,2003,05,18,328200.0,3349710.0
20030518,2003,05,18,328170.0,3349710.0
20030518,2003,05,18,328170.0,3349680.0
20030518,2003,05,18,328170.0,3349650.0
20030518,2003,05,18,328140.0,3349650.0
20030518,2003,05,18,328140.0,3349620.0
20030518,2003,05,18,328140.0,3349590.0
20030518,2003,05,18,328110.0,3349590.0
20030518,2003,05,18,328110.0,3349560.0
20030518,2003,05,18,328080.0,3349560.0
20030518,2003,05,18,328080.0,3349530.0
20030518,2003,05,18,328080.0,3349500.0
20030518,2003,05,18,328050.0,3349500.0
20030518,2003,05,18,328050.0,3349470.0
20030518,2003,05,18,328020.0,3349470.0
20030518,2003,05,18,328020.0,3349440.0
20030518,2003,05,18,328020.0,3349410.0
20030518,2003,05,18,327990.0,3349410.0
20030518,2003,05,18,327990.0,3349380.0
20030518,2003,05,18,327960.0,3349380.0
20030518,2003,05,18,327960.0,3349350.0
20030518,2003,05,18,327960.0,3349320.0
20030518,2003,05,18,327930.0,3349320.0
20030518,2003,05,18,327930.0,3349290.0
20030518,2003,05,18,327900.0,3349290.0
20030518,2003,05,18,327900.0,3349260.0
20030518,2003,05,18,327870.0,3349260.0
20030518,2003,05,18,327870.0,3349230.0
20030518,2003,05,18,327870.0,3349200.0
20030518,2003,05,18,327840.0,3349200.0
20030518,2003,05,18,327840.0,3349170.0
20030518,2003,05,18,327810.0,3349170.0
20030518,2003,05,18,327810.0,3349140.0
20030518,2003,05,18,327810.0,3349110.0
20030518,2003,05,18,327780.0,3349110.0
20030518,2003,05,18,327780.0,3349080.0
20030518,2003,05,18,327780.0,3349050.0
20030518,2003,05,18,327750.0,3349050.0
20030518,2003,05,18,327750.0,3349020.0
20030518,2003,05,18,327720.0,3349020.0
20030518,2003,05,18,327720.0,3348990.0
20030518,2003,05,18,327720.0,3348960.0
20030518,2003,05,18,327690.0,3348960.0
20030518,2003,05,18,327690.0,3348930.0
20030518,2003,05,18,327690.0,3348900.0
20030518,2003,05,18,327660.0,3348870.0
20030518,2003,05,18,327660.0,3348840.0
20030518,2003,05,18,327660.0,3348810.0
20030518,2003,05,18,327660.0,3348780.0
20030518,2003,05,18,327660.0,3348750.0
20030518,2003,05,18,327660.0,3348720.0
20030518,2003,05,18,327660.0,3348690.0
20030518,2003,05,18,327660.0,3348660.0
20030518,2003,05,18,327660.0,3348630.0
20030518,2003,05,18,327690.0,3348600.0
20030518,2003,05,18,327690.0,3348570.0
20030518,2003,05,18,327690.0,3348540.0
20030518,2003,05,18,327690.0,3348510.0
20030518,2003,05,18,327720.0,3348510.0
20030518,2003,05,18,327720.0,3348480.0
20030518,2003,05,18,327720.0,3348450.0
20030518,2003,05,18,327750.0,3348450.0
20030518,2003,05,18,327750.0,3348420.0
20030518,2003,05,18,327750.0,3348390.0
20030518,2003,05,18,327780.0,3348390.0
20030518,2003,05,18,327780.0,3348360.0
20030518,2003,05,18,327780.0,3348330.0
20030518,2003,05,18,327810.0,3348330.0
20030518,2003,05,18,327810.0,3348300.0
20030518,2003,05,18,327810.0,3348270.0
20030518,2003,05,18,327840.0,3348240.0
20030518,2003,05,18,327840.0,3348210.0
20030518,2003,05,18,327870.0,3348180.0
20030518,2003,05,18,327870.0,3348150.0
20030518,2003,05,18,327870.0,3348120.0
20030518,2003,05,18,327870.0,3348090.0
20030518,2003,05,18,327900.0,3348060.0
20030518,2003,05,18,327900.0,3348030.0
20030518,2003,05,18,327900.0,3348000.0
20030518,2003,05,18,327870.0,3347970.0
20030518,2003,05,18,327870.0,3347940.0
20030518,2003,05,18,327840.0,3347940.0
20030518,2003,05,18,327840.0,3347910.0
20030518,2003,05,18,327840.0,3347880.0
20030518,2003,05,18,327810.0,3347880.0
20030518,2003,05,18,327810.0,3347850.0
20030518,2003,05,18,327780.0,3347850.0
20030518,2003,05,18,327780.0,3347820.0
20030518,2003,05,18,327750.0,3347820.0
20030518,2003,05,18,327750.0,3347790.0
20030518,2003,05,18,327720.0,3347790.0
20030518,2003,05,18,327690.0,3347790.0
20030518,2003,05,18,327690.0,3347760.0
20030518,2003,05,18,327660.0,3347760.0
20030518,2003,05,18,327630.0,3347760.0
20030518,2003,05,18,327630.0,3347730.0
20030518,2003,05,18,327600.0,3347730.0
20030518,2003,05,18,327570.0,3347730.0
20030518,2003,05,18,327540.0,3347730.0
20030518,2003,05,18,327510.0,3347730.0
20030518,2003,05,18,327480.0,3347700.0
20030518,2003,05,18,327450.0,3347700.0
20030518,2003,05,18,327420.0,3347700.0
20030518,2003,05,18,327390.0,3347700.0
20030518,2003,05,18,327360.0,3347670.0
20030518,2003,05,18,327330.0,3347670.0
20030518,2003,05,18,327300.0,3347670.0
20030518,2003,05,18,327270.0,3347670.0
20030518,2003,05,18,327240.0,3347670.0
20030518,2003,05,18,327210.0,3347670.0
20030518,2003,05,18,327180.0,3347670.0
20030518,2003,05,18,327150.0,3347670.0
20030518,2003,05,18,327120.0,3347640.0
20030518,2003,05,18,327090.0,3347640.0
20030518,2003,05,18,327060.0,3347640.0
20030518,2003,05,18,327030.0,3347640.0
20030518,2003,05,18,327000.0,3347640.0
20030518,2003,05,18,326970.0,3347610.0
20030518,2003,05,18,326940.0,3347610.0
20030518,2003,05,18,326910.0,3347610.0
20030518,2003,05,18,326910.0,3347580.0
20030518,2003,05,18,326880.0,3347580.0
20030518,2003,05,18,326850.0,3347580.0
20030518,2003,05,18,326850.0,3347550.0
20030518,2003,05,18,326820.0,3347550.0
20030518,2003,05,18,326820.0,3347520.0
20030518,2003,05,18,326790.0,3347520.0
20030518,2003,05,18,326790.0,3347490.0
20030518,2003,05,18,326760.0,3347490.0
20030518,2003,05,18,326760.0,3347460.0
20030518,2003,05,18,326730.0,3347460.0
20030518,2003,05,18,326730.0,3347430.0
20030518,2003,05,18,326730.0,3347400.0
20030518,2003,05,18,326700.0,3347400.0
20030518,2003,05,18,326700.0,3347370.0
20030518,2003,05,18,326670.0,3347370.0
20030518,2003,05,18,326670.0,3347340.0
20030518,2003,05,18,326670.0,3347310.0
20030518,2003,05,18,326670.0,3347280.0
20030518,2003,05,18,326640.0,3347250.0
20030518,2003,05,18,326640.0,3347220.0
20030518,2003,05,18,326640.0,3347190.0
20030518,2003,05,18,326640.0,3347160.0
20030518,2003,05,18,326640.0,3347130.0
20030518,2003,05,18,326640.0,3347100.0
20030518,2003,05,18,326610.0,3347070.0
20030518,2003,05,18,326610.0,3347040.0
20030518,2003,05,18,326610.0,3347010.0
20030518,2003,05,18,326610.0,3346980.0
20030518,2003,05,18,326610.0,3346950.0
20030518,2003,05,18,326610.0,3346920.0
20030518,2003,05,18,326610.0,3346890.0
20030518,2003,05,18,326610.0,3346860.0
20030518,2003,05,18,326610.0,3346830.0
20030518,2003,05,18,326580.0,3346800.0
20030518,2003,05,18,326580.0,3346770.0
20030518,2003,05,18,326580.0,3346740.0
20030518,2003,05,18,326580.0,3346710.0
20030518,2003,05,18,326550.0,3346680.0
20030518,2003,05,18,326550.0,3346650.0
20030518,2003,05,18,326550.0,3346620.0
20030518,2003,05,18,326550.0,3346590.0
20030518,2003,05,18,326520.0,3346590.0
20030518,2003,05,18,326490.0,3346590.0
20030518,2003,05,18,326490.0,3346560.0
20030518,2003,05,18,326460.0,3346560.0
20030518,2003,05,18,326460.0,3346530.0
20030518,2003,05,18,326430.0,3346530.0
20030518,2003,05,18,326400.0,3346530.0
20030518,2003,05,18,326370.0,3346530.0
20030518,2003,05,18,326340.0,3346530.0
20030518,2003,05,18,326310.0,3346500.0
20030518,2003,05,18,326280.0,3346500.0
20030518,2003,05,18,326250.0,3346500.0
20030518,2003,05,18,326220.0,3346500.0
20030518,2003,05,18,326190.0,3346500.0
20030518,2003,05,18,326160.0,3346500.0
20030518,2003,05,18,326130.0,3346470.0
20030518,2003,05,18,326100.0,3346470.0
20030518,2003,05,18,326070.0,3346470.0
20030518,2003,05,18,326040.0,3346470.0
20030518,2003,05,18,326040.0,3346440.0
20030518,2003,05,18,326010.0,3346440.0
20030518,2003,05,18,326010.0,3346410.0
20030518,2003,05,18,325980.0,3346410.0
20030518,2003,05,18,325980.0,3346380.0
20030518,2003,05,18,325950.0,3346380.0
20030518,2003,05,18,325950.0,3346350.0
20030518,2003,05,18,325950.0,3346320.0
20030518,2003,05,18,325950.0,3346290.0
20030518,2003,05,18,325920.0,3346260.0
20030518,2003,05,18,325920.0,3346230.0
20030518,2003,05,18,325920.0,3346200.0
20030518,2003,05,18,325950.0,3346170.0
20030518,2003,05,18,325950.0,3346140.0
20030518,2003,05,18,325950.0,3346110.0
20030518,2003,05,18,325950.0,3346080.0
20030518,2003,05,18,325950.0,3346050.0
20030518,2003,05,18,325980.0,3346020.0
20030518,2003,05,18,325980.0,3345990.0
20030518,2003,05,18,325980.0,3345960.0
20030518,2003,05,18,326010.0,3345960.0
20030518,2003,05,18,326010.0,3345930.0
20030518,2003,05,18,326010.0,3345900.0
20030518,2003,05,18,326010.0,3345870.0
20030518,2003,05,18,326040.0,3345840.0
20030518,2003,05,18,326040.0,3345810.0
20030518,2003,05,18,326040.0,3345780.0
20030518,2003,05,18,326040.0,3345750.0
20030518,2003,05,18,326040.0,3345720.0
20030518,2003,05,18,326040.0,3345690.0
20030518,2003,05,18,326040.0,3345660.0
20030518,2003,05,18,326070.0,3345630.0
20030518,2003,05,18,326070.0,3345600.0
20030518,2003,05,18,326070.0,3345570.0
20030518,2003,05,18,326070.0,3345540.0
20030518,2003,05,18,326070.0,3345510.0
20030518,2003,05,18,326070.0,3345480.0
20030518,2003,05,18,326100.0,3345450.0
20030518,2003,05,18,326100.0,3345420.0
20030518,2003,05,18,326100.0,3345390.0
20030518,2003,05,18,326100.0,3345360.0
20030518,2003,05,18,326100.0,3345330.0
20030518,2003,05,18,326100.0,3345300.0
20030518,2003,05,18,326100.0,3345270.0
20030518,2003,05,18,326100.0,3345240.0
20030518,2003,05,18,326130.0,3345210.0
20030518,2003,05,18,326130.0,3345180.0
20030518,2003,05,18,326130.0,3345150.0
20030518,2003,05,18,326130.0,3345120.0
20030518,2003,05,18,326130.0,3345090.0
20030518,2003,05,18,326130.0,3345060.0
20030518,2003,05,18,326130.0,3345030.0
20030518,2003,05,18,326100.0,3345000.0
20030518,2003,05,18,326100.0,3344970.0
20030518,2003,05,18,326070.0,3344970.0
20030518,2003,05,18,326070.0,3344940.0
20030518,2003,05,18,326040.0,3344940.0
20030518,2003,05,18,326010.0,3344940.0
20030518,2003,05,18,325980.0,3344940.0
20030518,2003,05,18,325950.0,3344940.0
20030518,2003,05,18,325920.0,3344940.0
20030518,2003,05,18,325890.0,3344940.0
20030518,2003,05,18,325890.0,3344970.0
20030518,2003,05,18,325860.0,3344970.0
20030518,2003,05,18,325830.0,3344970.0
20030518,2003,05,18,325830.0,3345000.0
20030518,2003,05,18,325800.0,3345000.0
20030518,2003,05,18,325800.0,3345030.0
20030518,2003,05,18,325800.0,3345060.0
20030518,2003,05,18,325770.0,3345060.0
20030518,2003,05,18,325770.0,3345090.0
20030518,2003,05,18,325740.0,3345090.0
20030518,2003,05,18,325740.0,3345120.0
20030518,2003,05,18,325740.0,3345150.0
20030518,2003,05,18,325710.0,3345150.0
20030518,2003,05,18,325710.0,3345180.0
20030518,2003,05,18,325710.0,3345210.0
20030518,2003,05,18,325680.0,3345210.0
20030518,2003,05,18,325680.0,3345240.0
20030518,2003,05,18,325680.0,3345270.0
20030518,2003,05,18,325650.0,3345270.0
20030518,2003,05,18,325650.0,3345300.0
20030518,2003,05,18,325650.0,3345330.0
20030518,2003,05,18,325620.0,3345330.0
20030518,2003,05,18,325620.0,3345360.0
20030518,2003,05,18,325590.0,3345360.0
20030518,2003,05,18,325560.0,3345360.0
20030518,2003,05,18,325560.0,3345390.0
20030518,2003,05,18,325530.0,3345390.0
20030518,2003,05,18,325530.0,3345420.0
20030518,2003,05,18,325500.0,3345420.0
20030518,2003,05,18,325470.0,3345420.0
20030518,2003,05,18,325440.0,3345420.0
20030518,2003,05,18,325410.0,3345420.0
20030518,2003,05,18,325380.0,3345390.0
20030518,2003,05,18,325350.0,3345390.0
20030518,2003,05,18,325320.0,3345390.0
20030518,2003,05,18,325320.0,3345360.0
20030518,2003,05,18,325290.0,3345360.0
20030518,2003,05,18,325290.0,3345330.0
20030518,2003,05,18,325260.0,3345330.0
20030518,2003,05,18,325230.0,3345330.0
20030518,2003,05,18,325230.0,3345300.0
20030518,2003,05,18,325200.0,3345300.0
20030518,2003,05,18,325200.0,3345270.0
20030518,2003,05,18,325170.0,3345270.0
20030518,2003,05,18,325140.0,3345270.0
20030518,2003,05,18,325140.0,3345240.0
20030518,2003,05,18,325110.0,3345240.0
20030518,2003,05,18,325080.0,3345240.0
20030518,2003,05,18,325080.0,3345210.0
20030518,2003,05,18,325050.0,3345210.0
20030518,2003,05,18,325020.0,3345210.0
20030518,2003,05,18,325020.0,3345180.0
20030518,2003,05,18,324990.0,3345180.0
20030518,2003,05,18,324990.0,3345150.0
20030518,2003,05,18,324960.0,3345150.0
20030518,2003,05,18,324930.0,3345150.0
20030518,2003,05,18,324930.0,3345120.0
20030518,2003,05,18,324900.0,3345120.0
20030518,2003,05,18,324900.0,3345090.0
20030518,2003,05,18,324870.0,3345090.0
20030518,2003,05,18,324870.0,3345060.0
20030518,2003,05,18,324840.0,3345060.0
20030518,2003,05,18,324840.0,3345030.0
20030518,2003,05,18,324840.0,3345000.0
20030518,2003,05,18,324810.0,3344970.0
20030518,2003,05,18,324810.0,3344940.0
20030518,2003,05,18,324810.0,3344910.0
20030518,2003,05,18,324810.0,3344880.0
20030518,2003,05,18,324780.0,3344850.0
20030518,2003,05,18,324780.0,3344820.0
20030518,2003,05,18,324780.0,3344790.0
20030518,2003,05,18,324780.0,3344760.0
20030518,2003,05,18,324780.0,3344730.0
20030518,2003,05,18,324780.0,3344700.0
20030518,2003,05,18,324780.0,3344670.0
20030518,2003,05,18,324780.0,3344640.0
20030518,2003,05,18,324780.0,3344610.0
20030518,2003,05,18,324780.0,3344580.0
20030518,2003,05,18,324750.0,3344550.0
20030518,2003,05,18,324750.0,3344520.0
20030518,2003,05,18,324750.0,3344490.0
20030518,2003,05,18,324750.0,3344460.0
20030518,2003,05,18,324750.0,3344430.0
20030518,2003,05,18,324750.0,3344400.0
20030518,2003,05,18,324750.0,3344370.0
20030518,2003,05,18,324720.0,3344370.0
20030518,2003,05,18,324720.0,3344340.0
20030518,2003,05,18,324720.0,3344310.0
20030518,2003,05,18,324720.0,3344280.0
20030518,2003,05,18,324690.0,3344280.0
20030518,2003,05,18,324690.0,3344250.0
20030518,2003,05,18,324690.0,3344220.0
20030518,2003,05,18,324660.0,3344220.0
20030518,2003,05,18,324660.0,3344190.0
20030518,2003,05,18,324660.0,3344160.0
20030518,2003,05,18,324630.0,3344160.0
20030518,2003,05,18,324630.0,3344130.0
20030518,2003,05,18,324600.0,3344130.0
20030518,2003,05,18,324600.0,3344100.0
20030518,2003,05,18,324570.0,3344100.0
20030518,2003,05,18,324570.0,3344070.0
20030518,2003,05,18,324540.0,3344070.0
20030518,2003,05,18,324540.0,3344040.0
20030518,2003,05,18,324510.0,3344040.0
20030518,2003,05,18,324510.0,3344010.0
20030518,2003,05,18,324480.0,3344010.0
20030518,2003,05,18,324480.0,3343980.0
20030518,2003,05,18,324480.0,3343950.0
20030518,2003,05,18,324450.0,3343950.0
20030518,2003,05,18,324450.0,3343920.0
20030518,2003,05,18,324420.0,3343920.0
20030518,2003,05,18,324420.0,3343890.0
20030518,2003,05,18,324390.0,3343890.0
20030518,2003,05,18,324390.0,3343860.0
20030518,2003,05,18,324390.0,3343830.0
20030518,2003,05,18,324360.0,3343830.0
20030518,2003,05,18,324360.0,3343800.0
20030518,2003,05,18,324330.0,3343800.0
20030518,2003,05,18,324330.0,3343770.0
20030518,2003,05,18,324300.0,3343770.0
20030518,2003,05,18,324300.0,3343740.0
20030518,2003,05,18,324300.0,3343710.0
20030518,2003,05,18,324270.0,3343710.0
20030518,2003,05,18,324270.0,3343680.0
20030518,2003,05,18,324240.0,3343680.0
20030518,2003,05,18,324240.0,3343650.0
20030518,2003,05,18,324210.0,3343650.0
20030518,2003,05,18,324210.0,3343620.0
20030518,2003,05,18,324210.0,3343590.0
20030518,2003,05,18,324180.0,3343590.0
20030518,2003,05,18,324180.0,3343560.0
20030518,2003,05,18,324180.0,3343530.0
20030518,2003,05,18,324150.0,3343530.0
20030518,2003,05,18,324150.0,3343500.0
20030518,2003,05,18,324150.0,3343470.0
20030518,2003,05,18,324120.0,3343470.0
20030518,2003,05,18,324120.0,3343440.0
20030518,2003,05,18,324120.0,3343410.0
20030518,2003,05,18,324090.0,3343410.0
20030518,2003,05,18,324090.0,3343380.0
20030518,2003,05,18,324090.0,3343350.0
20030518,2003,05,18,324060.0,3343350.0
20030518,2003,05,18,324060.0,3343320.0
20030518,2003,05,18,324060.0,3343290.0
20030518,2003,05,18,324030.0,3343290.0
20030518,2003,05,18,324030.0,3343260.0
20030518,2003,05,18,324030.0,3343230.0
20030518,2003,05,18,324000.0,3343230.0
20030518,2003,05,18,324000.0,3343200.0
20030518,2003,05,18,324000.0,3343170.0
20030518,2003,05,18,323970.0,3343170.0
20030518,2003,05,18,323970.0,3343140.0
20030518,2003,05,18,323970.0,3343110.0
20030518,2003,05,18,323940.0,3343110.0
20030518,2003,05,18,323940.0,3343080.0
20030518,2003,05,18,323940.0,3343050.0
20030518,2003,05,18,323910.0,3343050.0
20030518,2003,05,18,323910.0,3343020.0
20030518,2003,05,18,323910.0,3342990.0
20030518,2003,05,18,323880.0,3342990.0
20030518,2003,05,18,323880.0,3342960.0
20030518,2003,05,18,323880.0,3342930.0
20030518,2003,05,18,323850.0,3342930.0
20030518,2003,05,18,323850.0,3342900.0
20030518,2003,05,18,323850.0,3342870.0
20030518,2003,05,18,323820.0,3342840.0
20030518,2003,05,18,323820.0,3342810.0
20030518,2003,05,18,323820.0,3342780.0
20030518,2003,05,18,323790.0,3342750.0
20030518,2003,05,18,323790.0,3342720.0
20030518,2003,05,18,323790.0,3342690.0
20030518,2003,05,18,323790.0,3342660.0
20030518,2003,05,18,323760.0,3342630.0
20030518,2003,05,18,323760.0,3342600.0
20030518,2003,05,18,323760.0,3342570.0
20030518,2003,05,18,323760.0,3342540.0
20030518,2003,05,18,323760.0,3342510.0
20030518,2003,05,18,323760.0,3342480.0
20030518,2003,05,18,323790.0,3342450.0
20030518,2003,05,18,323790.0,3342420.0
20030518,2003,05,18,323790.0,3342390.0
20030518,2003,05,18,323790.0,3342360.0
20030518,2003,05,18,323820.0,3342330.0
20030518,2003,05,18,323820.0,3342300.0
20030518,2003,05,18,323850.0,3342270.0
20030518,2003,05,18,323850.0,3342240.0
20030518,2003,05,18,323850.0,3342210.0
20030518,2003,05,18,323880.0,3342180.0
20030518,2003,05,18,323880.0,3342150.0
20030518,2003,05,18,323880.0,3342120.0
20030518,2003,05,18,323910.0,3342090.0
20030518,2003,05,18,323910.0,3342060.0
20030518,2003,05,18,323910.0,3342030.0
20030518,2003,05,18,323910.0,3342000.0
20030518,2003,05,18,323910.0,3341970.0
20030518,2003,05,18,323910.0,3341940.0
20030518,2003,05,18,323910.0,3341910.0
20030518,2003,05,18,323910.0,3341880.0
20030518,2003,05,18,323910.0,3341850.0
20030518,2003,05,18,323880.0,3341850.0
20030518,2003,05,18,323880.0,3341820.0
20030518,2003,05,18,323880.0,3341790.0
20030518,2003,05,18,323850.0,3341790.0
20030518,2003,05,18,323850.0,3341760.0
20030518,2003,05,18,323820.0,3341760.0
20030518,2003,05,18,323820.0,3341730.0
20030518,2003,05,18,323790.0,3341730.0
20030518,2003,05,18,323760.0,3341730.0
20030518,2003,05,18,323760.0,3341700.0
20030518,2003,05,18,323730.0,3341700.0
20030518,2003,05,18,323700.0,3341700.0
20030518,2003,05,18,323670.0,3341670.0
20030518,2003,05,18,323640.0,3341670.0
20030518,2003,05,18,323610.0,3341670.0
20030518,2003,05,18,323580.0,3341670.0
20030518,2003,05,18,323550.0,3341670.0
20030518,2003,05,18,323520.0,3341670.0
20030518,2003,05,18,323490.0,3341670.0
20030518,2003,05,18,323460.0,3341670.0
20030518,2003,05,18,323430.0,3341670.0
20030518,2003,05,18,323400.0,3341670.0
20030518,2003,05,18,323370.0,3341670.0
20030518,2003,05,18,323370.0,3341700.0
20030518,2003,05,18,323340.0,3341700.0
20030518,2003,05,18,323310.0,3341700.0
20030518,2003,05,18,323310.0,3341730.0
20030518,2003,05,18,323280.0,3341730.0
20030518,2003,05,18,323250.0,3341730.0
20030518,2003,05,18,323220.0,3341760.0
20030518,2003,05,18,323190.0,3341760.0
20030518,2003,05,18,323190.0,3341790.0
20030518,2003,05,18,323160.0,3341790.0
20030518,2003,05,18,323130.0,3341790.0
20030518,2003,05,18,323100.0,3341820.0
20030518,2003,05,18,323070.0,3341820.0
20030518,2003,05,18,323040.0,3341820.0
20030518,2003,05,18,323010.0,3341820.0
20030518,2003,05,18,322980.0,3341850.0
20030518,2003,05,18,322950.0,3341850.0
20030518,2003,05,18,322920.0,3341850.0
20030518,2003,05,18,322890.0,3341850.0
20030518,2003,05,18,322860.0,3341820.0
20030518,2003,05,18,322830.0,3341820.0
20030518,2003,05,18,322800.0,3341820.0
20030518,2003,05,18,322770.0,3341790.0
20030518,2003,05,18,322740.0,3341790.0
20030518,2003,05,18,322710.0,3341790.0
20030518,2003,05,18,322680.0,3341760.0
20030518,2003,05,18,322650.0,3341760.0
20030518,2003,05,18,322620.0,3341760.0
20030518,2003,05,18,322590.0,3341730.0
20030518,2003,05,18,322560.0,3341730.0
20030518,2003,05,18,322530.0,3341730.0
20030518,2003,05,18,322530.0,3341700.0
20030518,2003,05,18,322500.0,3341700.0
20030518,2003,05,18,322470.0,3341700.0
20030518,2003,05,18,322470.0,3341670.0
20030518,2003,05,18,322440.0,3341670.0
20030518,2003,05,18,322410.0,3341670.0
20030518,2003,05,18,322410.0,3341640.0
20030518,2003,05,18,322380.0,3341640.0
20030518,2003,05,18,322350.0,3341640.0
20030518,2003,05,18,322350.0,3341610.0
20030518,2003,05,18,322320.0,3341610.0
20030518,2003,05,18,322290.0,3341610.0
20030518,2003,05,18,322290.0,3341580.0
20030518,2003,05,18,322260.0,3341580.0
20030518,2003,05,18,322230.0,3341580.0
20030518,2003,05,18,322230.0,3341550.0
20030518,2003,05,18,322200.0,3341550.0
20030518,2003,05,18,322170.0,3341550.0
20030518,2003,05,18,322170.0,3341520.0
20030518,2003,05,18,322140.0,3341520.0
20030518,2003,05,18,322110.0,3341520.0
20030518,2003,05,18,322110.0,3341490.0
20030518,2003,05,18,322080.0,3341490.0
20030518,2003,05,18,322050.0,3341490.0
20030518,2003,05,18,322050.0,3341460.0
20030518,2003,05,18,322020.0,3341460.0
20030518,2003,05,18,322020.0,3341430.0
20030518,2003,05,18,321990.0,3341430.0
20030518,2003,05,18,321960.0,3341430.0
20030518,2003,05,18,321960.0,3341400.0
20030518,2003,05,18,321930.0,3341400.0
20030518,2003,05,18,321930.0,3341370.0
20030518,2003,05,18,321900.0,3341370.0
20030518,2003,05,18,321900.0,3341340.0
20030518,2003,05,18,321900.0,3341310.0
20030518,2003,05,18,321870.0,3341310.0
20030518,2003,05,18,321870.0,3341280.0
20030518,2003,05,18,321840.0,3341250.0
20030518,2003,05,18,321840.0,3341220.0
20030518,2003,05,18,321840.0,3341190.0
20030518,2003,05,18,321840.0,3341160.0
20030518,2003,05,18,321840.0,3341130.0
20030518,2003,05,18,321840.0,3341100.0
20030518,2003,05,18,321870.0,3341070.0
20030518,2003,05,18,321870.0,3341040.0
20030518,2003,05,18,321870.0,3341010.0
20030518,2003,05,18,321900.0,3340980.0
20030518,2003,05,18,321900.0,3340950.0
20030518,2003,05,18,321900.0,3340920.0
20030518,2003,05,18,321930.0,3340920.0
20030518,2003,05,18,321930.0,3340890.0
20030518,2003,05,18,321960.0,3340890.0
20030518,2003,05,18,321960.0,3340860.0
20030518,2003,05,18,321990.0,3340860.0
20030518,2003,05,18,321990.0,3340830.0
20030518,2003,05,18,322020.0,3340830.0
20030518,2003,05,18,322020.0,3340800.0
20030518,2003,05,18,322050.0,3340800.0
20030518,2003,05,18,322080.0,3340800.0
20030518,2003,05,18,322080.0,3340770.0
20030518,2003,05,18,322110.0,3340770.0
20030518,2003,05,18,322140.0,3340770.0
20030518,2003,05,18,322170.0,3340740.0
20030518,2003,05,18,322200.0,3340740.0
20030518,2003,05,18,322230.0,3340740.0
20030518,2003,05,18,322260.0,3340740.0
20030518,2003,05,18,322290.0,3340740.0
20030518,2003,05,18,322320.0,3340740.0
20030518,2003,05,18,322350.0,3340740.0
20030518,2003,05,18,322380.0,3340740.0
20030518,2003,05,18,322410.0,3340740.0
20030518,2003,05,18,322440.0,3340770.0
20030518,2003,05,18,322470.0,3340770.0
20030518,2003,05,18,322500.0,3340770.0
20030518,2003,05,18,322530.0,3340770.0
20030518,2003,05,18,322560.0,3340800.0
20030518,2003,05,18,322590.0,3340800.0
20030518,2003,05,18,322620.0,3340830.0
20030518,2003,05,18,322650.0,3340830.0
20030518,2003,05,18,322680.0,3340830.0
20030518,2003,05,18,322710.0,3340860.0
20030518,2003,05,18,322740.0,3340860.0
20030518,2003,05,18,322770.0,3340860.0
20030518,2003,05,18,322800.0,3340860.0
20030518,2003,05,18,322830.0,3340890.0
20030518,2003,05,18,322860.0,3340890.0
20030518,2003,05,18,322890.0,3340890.0
20030518,2003,05,18,322920.0,3340860.0
20030518,2003,05,18,322950.0,3340860.0
20030518,2003,05,18,322980.0,3340860.0
20030518,2003,05,18,323010.0,3340830.0
20030518,2003,05,18,323040.0,3340830.0
20030518,2003,05,18,323040.0,3340800.0
20030518,2003,05,18,323070.0,3340800.0
20030518,2003,05,18,323100.0,3340800.0
20030518,2003,05,18,323100.0,3340770.0
20030518,2003,05,18,323130.0,3340770.0
20030518,2003,05,18,323130.0,3340740.0
20030518,2003,05,18,323160.0,3340740.0
20030518,2003,05,18,323160.0,3340710.0
20030518,2003,05,18,323190.0,3340710.0
20030518,2003,05,18,323190.0,3340680.0
20030518,2003,05,18,323220.0,3340680.0
20030518,2003,05,18,323220.0,3340650.0
20030518,2003,05,18,323250.0,3340650.0
20030518,2003,05,18,323250.0,3340620.0
20030518,2003,05,18,323280.0,3340620.0
20030518,2003,05,18,323280.0,3340590.0
20030518,2003,05,18,323310.0,3340590.0
20030518,2003,05,18,323310.0,3340560.0
20030518,2003,05,18,323310.0,3340530.0
20030518,2003,05,18,323340.0,3340530.0
20030518,2003,05,18,323340.0,3340500.0
20030518,2003,05,18,323370.0,3340500.0
20030518,2003,05,18,323370.0,3340470.0
20030518,2003,05,18,323400.0,3340470.0
20030518,2003,05,18,323400.0,3340440.0
20030518,2003,05,18,323430.0,3340440.0
20030518,2003,05,18,323430.0,3340410.0
20030518,2003,05,18,323460.0,3340410.0
20030518,2003,05,18,323460.0,3340380.0
20030518,2003,05,18,323490.0,3340380.0
20030518,2003,05,18,323490.0,3340350.0
20030518,2003,05,18,323490.0,3340320.0
20030518,2003,05,18,323520.0,3340320.0
20030518,2003,05,18,323520.0,3340290.0
20030518,2003,05,18,323550.0,3340290.0
20030518,2003,05,18,323550.0,3340260.0
20030518,2003,05,18,323580.0,3340260.0
20030518,2003,05,18,323580.0,3340230.0
20030518,2003,05,18,323580.0,3340200.0
20030518,2003,05,18,323610.0,3340200.0
20030518,2003,05,18,323610.0,3340170.0
20030518,2003,05,18,323640.0,3340170.0
20030518,2003,05,18,323640.0,3340140.0
20030518,2003,05,18,323670.0,3340140.0
20030518,2003,05,18,323670.0,3340110.0
20030518,2003,05,18,323670.0,3340080.0
20030518,2003,05,18,323700.0,3340080.0
20030518,2003,05,18,323700.0,3340050.0
20030518,2003,05,18,323700.0,3340020.0
20030518,2003,05,18,323730.0,3340020.0
20030518,2003,05,18,323730.0,3339990.0
20030518,2003,05,18,323760.0,3339990.0
20030518,2003,05,18,323760.0,3339960.0
20030518,2003,05,18,323790.0,3339960.0
20030518,2003,05,18,323790.0,3339930.0
20030518,2003,05,18,323790.0,3339900.0
20030518,2003,05,18,323820.0,3339900.0
20030518,2003,05,18,323820.0,3339870.0
20030518,2003,05,18,323820.0,3339840.0
20030518,2003,05,18,323850.0,3339810.0
20030518,2003,05,18,323850.0,3339780.0
20030518,2003,05,18,323850.0,3339750.0
20030518,2003,05,18,323850.0,3339720.0
20030518,2003,05,18,323850.0,3339690.0
20030518,2003,05,18,323850.0,3339660.0
20030518,2003,05,18,323850.0,3339630.0
20030518,2003,05,18,323850.0,3339600.0
20030518,2003,05,18,323850.0,3339570.0
20030518,2003,05,18,323850.0,3339540.0
20030518,2003,05,18,323850.0,3339510.0
20030518,2003,05,18,323850.0,3339480.0
20030518,2003,05,18,323850.0,3339450.0
20030518,2003,05,18,323850.0,3339420.0
20030518,2003,05,18,323850.0,3339390.0
20030518,2003,05,18,323850.0,3339360.0
20030518,2003,05,18,323850.0,3339330.0
20030518,2003,05,18,323850.0,3339300.0
20030518,2003,05,18,323850.0,3339270.0
20030518,2003,05,18,323850.0,3339240.0
20030518,2003,05,18,323850.0,3339210.0
20030518,2003,05,18,323850.0,3339180.0
20030518,2003,05,18,323850.0,3339150.0
20030518,2003,05,18,323850.0,3339120.0
20030518,2003,05,18,323850.0,3339090.0
20030518,2003,05,18,323880.0,3339060.0
20030518,2003,05,18,323880.0,3339030.0
20030518,2003,05,18,323910.0,3339030.0
20030518,2003,05,18,323910.0,3339000.0
20030518,2003,05,18,323910.0,3338970.0
20030518,2003,05,18,323940.0,3338970.0
20030518,2003,05,18,323940.0,3338940.0
20030518,2003,05,18,323970.0,3338940.0
20030518,2003,05,18,323970.0,3338910.0
20030518,2003,05,18,323970.0,3338880.0
20030518,2003,05,18,324000.0,3338880.0
20030518,2003,05,18,324000.0,3338850.0
20030518,2003,05,18,324030.0,3338850.0
20030518,2003,05,18,324030.0,3338820.0
20030518,2003,05,18,324060.0,3338820.0
20030518,2003,05,18,324060.0,3338790.0
20030518,2003,05,18,324090.0,3338790.0
20030518,2003,05,18,324090.0,3338760.0
20030518,2003,05,18,324120.0,3338760.0
20030518,2003,05,18,324120.0,3338730.0
20030518,2003,05,18,324150.0,3338730.0
20030518,2003,05,18,324150.0,3338700.0
20030518,2003,05,18,324180.0,3338700.0
20030518,2003,05,18,324210.0,3338700.0
20030518,2003,05,18,324210.0,3338670.0
20030518,2003,05,18,324240.0,3338670.0
20030518,2003,05,18,324240.0,3338640.0
20030518,2003,05,18,324270.0,3338640.0
20030518,2003,05,18,324300.0,3338640.0
20030518,2003,05,18,324300.0,3338610.0
20030518,2003,05,18,324330.0,3338610.0
20030518,2003,05,18,324360.0,3338610.0
20030518,2003,05,18,324360.0,3338580.0
20030518,2003,05,18,324390.0,3338580.0
20030518,2003,05,18,324420.0,3338580.0
20030518,2003,05,18,324420.0,3338550.0
20030518,2003,05,18,324450.0,3338550.0
20030518,2003,05,18,324480.0,3338550.0
20030518,2003,05,18,324510.0,3338550.0
20030518,2003,05,18,324540.0,3338520.0
20030518,2003,05,18,324570.0,3338520.0
20030518,2003,05,18,324600.0,3338520.0
20030518,2003,05,18,324630.0,3338520.0
20030518,2003,05,18,324660.0,3338520.0
20030518,2003,05,18,324690.0,3338520.0
20030518,2003,05,18,324720.0,3338520.0
20030518,2003,05,18,324750.0,3338520.0
20030518,2003,05,18,324780.0,3338520.0
20030518,2003,05,18,324810.0,3338520.0
20030518,2003,05,18,324840.0,3338520.0
20030518,2003,05,18,324870.0,3338550.0
20030518,2003,05,18,324900.0,3338550.0
20030518,2003,05,18,324930.0,3338550.0
20030518,2003,05,18,324960.0,3338550.0
20030518,2003,05,18,324990.0,3338580.0
20030518,2003,05,18,325020.0,3338580.0
20030518,2003,05,18,325050.0,3338580.0
20030518,2003,05,18,325050.0,3338610.0
20030518,2003,05,18,325080.0,3338610.0
20030518,2003,05,18,325110.0,3338610.0
20030518,2003,05,18,325110.0,3338640.0
20030518,2003,05,18,325140.0,3338640.0
20030518,2003,05,18,325140.0,3338670.0
20030518,2003,05,18,325170.0,3338670.0
20030518,2003,05,18,325200.0,3338670.0
20030518,2003,05,18,325230.0,3338670.0
20030518,2003,05,18,325230.0,3338700.0
20030518,2003,05,18,325260.0,3338700.0
20030518,2003,05,18,325290.0,3338700.0
20030518,2003,05,18,325290.0,3338730.0
20030518,2003,05,18,325320.0,3338730.0
20030518,2003,05,18,325320.0,3338760.0
20030518,2003,05,18,325350.0,3338760.0
20030518,2003,05,18,325380.0,3338760.0
20030518,2003,05,18,325410.0,3338790.0
20030518,2003,05,18,325440.0,3338790.0
20030518,2003,05,18,325470.0,3338790.0
20030518,2003,05,18,325500.0,3338790.0
20030518,2003,05,18,325530.0,3338790.0
20030518,2003,05,18,325560.0,3338790.0
20030518,2003,05,18,325590.0,3338760.0
20030518,2003,05,18,325620.0,3338760.0
20030518,2003,05,18,325620.0,3338730.0
20030518,2003,05,18,325650.0,3338730.0
20030518,2003,05,18,325650.0,3338700.0
20030518,2003,05,18,325680.0,3338700.0
20030518,2003,05,18,325680.0,3338670.0
20030518,2003,05,18,325710.0,3338670.0
20030518,2003,05,18,325710.0,3338640.0
20030518,2003,05,18,325710.0,3338610.0
20030518,2003,05,18,325740.0,3338580.0
20030518,2003,05,18,325740.0,3338550.0
20030518,2003,05,18,325740.0,3338520.0
20030518,2003,05,18,325740.0,3338490.0
20030518,2003,05,18,325740.0,3338460.0
20030518,2003,05,18,325740.0,3338430.0
20030518,2003,05,18,325740.0,3338400.0
20030518,2003,05,18,325740.0,3338370.0
20030518,2003,05,18,325740.0,3338340.0
20030518,2003,05,18,325740.0,3338310.0
20030518,2003,05,18,325740.0,3338280.0
20030518,2003,05,18,325740.0,3338250.0
20030518,2003,05,18,325740.0,3338220.0
20030518,2003,05,18,325740.0,3338190.0
20030518,2003,05,18,325740.0,3338160.0
20030518,2003,05,18,325740.0,3338130.0
20030518,2003,05,18,325740.0,3338100.0
20030518,2003,05,18,325740.0,3338070.0
20030518,2003,05,18,325740.0,3338040.0
20030518,2003,05,18,325740.0,3338010.0
20030518,2003,05,18,325710.0,3337980.0
20030518,2003,05,18,325710.0,3337950.0
20030518,2003,05,18,325710.0,3337920.0
20030518,2003,05,18,325710.0,3337890.0
20030518,2003,05,18,325710.0,3337860.0
20030518,2003,05,18,325680.0,3337830.0
20030518,2003,05,18,325680.0,3337800.0
20030518,2003,05,18,325650.0,3337770.0
20030518,2003,05,18,325650.0,3337740.0
20030518,2003,05,18,325650.0,3337710.0
20030518,2003,05,18,325620.0,3337680.0
20030518,2003,05,18,325620.0,3337650.0
20030518,2003,05,18,325620.0,3337620.0
20030518,2003,05,18,325620.0,3337590.0
20030518,2003,05,18,325590.0,3337560.0
20030518,2003,05,18,325590.0,3337530.0
20030518,2003,05,18,325590.0,3337500.0
20030518,2003,05,18,325590.0,3337470.0
20030518,2003,05,18,325560.0,3337440.0
20030518,2003,05,18,325560.0,3337410.0
20030518,2003,05,18,325560.0,3337380.0
20030518,2003,05,18,325560.0,3337350.0
20030518,2003,05,18,325530.0,3337320.0
20030518,2003,05,18,325530.0,3337290.0
20030518,2003,05,18,325530.0,3337260.0
20030518,2003,05,18,325530.0,3337230.0
20030518,2003,05,18,325530.0,3337200.0
20030518,2003,05,18,325530.0,3337170.0
20030518,2003,05,18,325530.0,3337140.0
20030518,2003,05,18,325530.0,3337110.0
20030518,2003,05,18,325530.0,3337080.0
20030518,2003,05,18,325530.0,3337050.0
20030518,2003,05,18,325530.0,3337020.0
20030518,2003,05,18,325530.0,3336990.0
20030518,2003,05,18,325560.0,3336960.0
20030518,2003,05,18,325560.0,3336930.0
20030518,2003,05,18,325560.0,3336900.0
20030518,2003,05,18,325590.0,3336900.0
20030518,2003,05,18,325590.0,3336870.0
20030518,2003,05,18,325620.0,3336870.0
20030518,2003,05,18,325620.0,3336840.0
20030518,2003,05,18,325620.0,3336810.0
20030518,2003,05,18,325650.0,3336810.0
20030518,2003,05,18,325650.0,3336780.0
20030518,2003,05,18,325680.0,3336780.0
20030518,2003,05,18,325680.0,3336750.0
20030518,2003,05,18,325710.0,3336750.0
20030518,2003,05,18,325710.0,3336720.0
20030518,2003,05,18,325740.0,3336720.0
20030518,2003,05,18,325740.0,3336690.0
20030518,2003,05,18,325770.0,3336690.0
20030518,2003,05,18,325770.0,3336660.0
20030518,2003,05,18,325770.0,3336630.0
20030518,2003,05,18,325800.0,3336630.0
20030518,2003,05,18,325800.0,3336600.0
20030518,2003,05,18,325830.0,3336600.0
20030518,2003,05,18,325830.0,3336570.0
20030518,2003,05,18,325830.0,3336540.0
20030518,2003,05,18,325860.0,3336540.0
20030518,2003,05,18,325860.0,3336510.0
20030518,2003,05,18,325890.0,3336510.0
20030518,2003,05,18,325890.0,3336480.0
20030518,2003,05,18,325890.0,3336450.0
20030518,2003,05,18,325920.0,3336450.0
20030518,2003,05,18,325920.0,3336420.0
20030518,2003,05,18,325920.0,3336390.0
20030518,2003,05,18,325950.0,3336390.0
20030518,2003,05,18,325950.0,3336360.0
20030518,2003,05,18,325950.0,3336330.0
20030518,2003,05,18,325980.0,3336300.0
20030518,2003,05,18,325980.0,3336270.0
20030518,2003,05,18,325980.0,3336240.0
20030518,2003,05,18,326010.0,3336210.0
20030518,2003,05,18,326010.0,3336180.0
20030518,2003,05,18,326010.0,3336150.0
20030518,2003,05,18,326010.0,3336120.0
20030518,2003,05,18,326040.0,3336090.0
20030518,2003,05,18,326040.0,3336060.0
20030518,2003,05,18,326040.0,3336030.0
20030518,2003,05,18,326040.0,3336000.0
20030518,2003,05,18,326040.0,3335970.0
20030518,2003,05,18,326040.0,3335940.0
20030518,2003,05,18,326040.0,3335910.0
20030518,2003,05,18,326040.0,3335880.0
20030518,2003,05,18,326040.0,3335850.0
20030518,2003,05,18,326040.0,3335820.0
20030518,2003,05,18,326010.0,3335790.0
20030518,2003,05,18,326010.0,3335760.0
20030518,2003,05,18,325980.0,3335760.0
20030518,2003,05,18,325980.0,3335730.0
20030518,2003,05,18,325980.0,3335700.0
20030518,2003,05,18,325950.0,3335700.0
20030518,2003,05,18,325950.0,3335670.0
20030518,2003,05,18,325950.0,3335640.0
20030518,2003,05,18,325920.0,3335640.0
20030518,2003,05,18,325920.0,3335610.0
20030518,2003,05,18,325890.0,3335610.0
20030518,2003,05,18,325890.0,3335580.0
20030518,2003,05,18,325860.0,3335580.0
20030518,2003,05,18,325860.0,3335550.0
20030518,2003,05,18,325830.0,3335550.0
20030518,2003,05,18,325830.0,3335520.0
20030518,2003,05,18,325800.0,3335520.0
20030518,2003,05,18,325770.0,3335520.0
20030518,2003,05,18,325770.0,3335490.0
20030518,2003,05,18,325740.0,3335490.0
20030518,2003,05,18,325740.0,3335460.0
20030518,2003,05,18,325710.0,3335460.0
20030518,2003,05,18,325680.0,3335460.0
20030518,2003,05,18,325680.0,3335430.0
20030518,2003,05,18,325650.0,3335430.0
20030518,2003,05,18,325620.0,3335430.0
20030518,2003,05,18,325590.0,3335430.0
20030518,2003,05,18,325590.0,3335400.0
20030518,2003,05,18,325560.0,3335400.0
20030518,2003,05,18,325530.0,3335400.0
20030518,2003,05,18,325530.0,3335370.0
20030518,2003,05,18,325500.0,3335370.0
20030518,2003,05,18,325470.0,3335370.0
20030518,2003,05,18,325470.0,3335340.0
20030518,2003,05,18,325440.0,3335340.0
20030518,2003,05,18,325410.0,3335340.0
20030518,2003,05,18,325380.0,3335340.0
20030518,2003,05,18,325350.0,3335310.0
20030518,2003,05,18,325320.0,3335310.0
20030518,2003,05,18,325290.0,3335310.0
20030518,2003,05,18,325260.0,3335310.0
20030518,2003,05,18,325230.0,3335310.0
20030518,2003,05,18,325200.0,3335280.0
20030518,2003,05,18,325170.0,3335280.0
20030518,2003,05,18,325140.0,3335280.0
20030518,2003,05,18,325110.0,3335280.0
20030518,2003,05,18,325080.0,3335280.0
20030518,2003,05,18,325050.0,3335280.0
20030518,2003,05,18,325020.0,3335280.0
20030518,2003,05,18,324990.0,3335280.0
20030518,2003,05,18,324960.0,3335280.0
20030518,2003,05,18,324930.0,3335280.0
20030518,2003,05,18,324900.0,3335280.0
20030518,2003,05,18,324870.0,3335280.0
20030518,2003,05,18,324840.0,3335280.0
20030518,2003,05,18,324810.0,3335280.0
20030518,2003,05,18,324780.0,3335280.0
20030518,2003,05,18,324750.0,3335250.0
20030518,2003,05,18,324720.0,3335250.0
20030518,2003,05,18,324690.0,3335250.0
20030518,2003,05,18,324660.0,3335250.0
20030518,2003,05,18,324630.0,3335250.0
20030518,2003,05,18,324600.0,3335250.0
20030518,2003,05,18,324600.0,3335220.0
20030518,2003,05,18,324570.0,3335220.0
20030518,2003,05,18,324570.0,3335190.0
20030518,2003,05,18,324540.0,3335190.0
20030518,2003,05,18,324540.0,3335160.0
20030518,2003,05,18,324540.0,3335130.0
20030518,2003,05,18,324510.0,3335100.0
20030518,2003,05,18,324510.0,3335070.0
20030518,2003,05,18,324510.0,3335040.0
20030518,2003,05,18,324510.0,3335010.0
20030518,2003,05,18,324510.0,3334980.0
20030518,2003,05,18,324540.0,3334950.0
20030518,2003,05,18,324540.0,3334920.0
20030518,2003,05,18,324540.0,3334890.0
20030518,2003,05,18,324570.0,3334890.0
20030518,2003,05,18,324570.0,3334860.0
20030518,2003,05,18,324570.0,3334830.0
20030518,2003,05,18,324600.0,3334830.0
20030518,2003,05,18,324600.0,3334800.0
20030518,2003,05,18,324600.0,3334770.0
20030518,2003,05,18,324630.0,3334770.0
20030518,2003,05,18,324630.0,3334740.0
20030518,2003,05,18,324660.0,3334740.0
20030518,2003,05,18,324660.0,3334710.0
20030518,2003,05,18,324690.0,3334710.0
20030518,2003,05,18,324720.0,3334710.0
20030518,2003,05,18,324750.0,3334680.0
20030518,2003,05,18,324780.0,3334680.0
20030518,2003,05,18,324810.0,3334680.0
20030518,2003,05,18,324840.0,3334680.0
20030518,2003,05,18,324870.0,3334680.0
20030518,2003,05,18,324900.0,3334680.0
20030518,2003,05,18,324930.0,3334680.0
20030518,2003,05,18,324960.0,3334680.0
20030518,2003,05,18,324990.0,3334710.0
20030518,2003,05,18,325020.0,3334710.0
20030518,2003,05,18,325050.0,3334710.0
20030518,2003,05,18,325080.0,3334740.0
20030518,2003,05,18,325110.0,3334740.0
20030518,2003,05,18,325110.0,3334770.0
20030518,2003,05,18,325140.0,3334770.0
20030518,2003,05,18,325170.0,3334770.0
20030518,2003,05,18,325170.0,3334800.0
20030518,2003,05,18,325200.0,3334800.0
20030518,2003,05,18,325200.0,3334830.0
20030518,2003,05,18,325230.0,3334830.0
20030518,2003,05,18,325260.0,3334830.0
20030518,2003,05,18,325290.0,3334830.0
20030518,2003,05,18,325320.0,3334860.0
20030518,2003,05,18,325350.0,3334860.0
20030518,2003,05,18,325380.0,3334860.0
20030518,2003,05,18,325410.0,3334860.0
20030518,2003,05,18,325440.0,3334860.0
20030518,2003,05,18,325440.0,3334830.0
20030518,2003,05,18,325470.0,3334830.0
20030518,2003,05,18,325500.0,3334830.0
20030518,2003,05,18,325500.0,3334800.0
20030518,2003,05,18,325530.0,3334800.0
20030518,2003,05,18,325530.0,3334770.0
20030518,2003,05,18,325530.0,3334740.0
20030518,2003,05,18,325560.0,3334740.0
20030518,2003,05,18,325560.0,3334710.0
20030518,2003,05,18,325590.0,3334680.0
20030518,2003,05,18,325590.0,3334650.0
20030518,2003,05,18,325590.0,3334620.0
20030518,2003,05,18,325590.0,3334590.0
20030518,2003,05,18,325590.0,3334560.0
20030518,2003,05,18,325560.0,3334530.0
20030518,2003,05,18,325560.0,3334500.0
20030518,2003,05,18,325560.0,3334470.0
20030518,2003,05,18,325530.0,3334470.0
20030518,2003,05,18,325530.0,3334440.0
20030518,2003,05,18,325500.0,3334440.0
20030518,2003,05,18,325500.0,3334410.0
20030518,2003,05,18,325500.0,3334380.0
20030518,2003,05,18,325470.0,3334380.0
20030518,2003,05,18,325470.0,3334350.0
20030518,2003,05,18,325440.0,3334350.0
20030518,2003,05,18,325440.0,3334320.0
20030518,2003,05,18,325410.0,3334320.0
20030518,2003,05,18,325380.0,3334320.0
20030518,2003,05,18,325380.0,3334290.0
20030518,2003,05,18,325350.0,3334290.0
20030518,2003,05,18,325350.0,3334260.0
20030518,2003,05,18,325320.0,3334260.0
20030518,2003,05,18,325290.0,3334260.0
20030518,2003,05,18,325260.0,3334260.0
20030518,2003,05,18,325230.0,3334230.0
20030518,2003,05,18,325200.0,3334230.0
20030518,2003,05,18,325170.0,3334230.0
20030518,2003,05,18,325140.0,3334230.0
20030518,2003,05,18,325110.0,3334230.0
20030518,2003,05,18,325080.0,3334230.0
20030518,2003,05,18,325050.0,3334260.0
20030518,2003,05,18,325020.0,3334260.0
20030518,2003,05,18,324990.0,3334260.0
20030518,2003,05,18,324960.0,3334290.0
20030518,2003,05,18,324930.0,3334290.0
20030518,2003,05,18,324900.0,3334290.0
20030518,2003,05,18,324870.0,3334320.0
20030518,2003,05,18,324840.0,3334320.0
20030518,2003,05,18,324840.0,3334350.0
20030518,2003,05,18,324810.0,3334350.0
20030518,2003,05,18,324780.0,3334350.0
20030518,2003,05,18,324780.0,3334380.0
20030518,2003,05,18,324750.0,3334380.0
20030518,2003,05,18,324750.0,3334410.0
20030518,2003,05,18,324720.0,3334410.0
20030518,2003,05,18,324690.0,3334410.0
20030518,2003,05,18,324660.0,3334410.0
20030518,2003,05,18,324660.0,3334440.0
20030518,2003,05,18,324630.0,3334440.0
20030518,2003,05,18,324600.0,3334440.0
20030518,2003,05,18,324600.0,3334470.0
20030518,2003,05,18,324570.0,3334470.0
20030518,2003,05,18,324570.0,3334500.0
20030518,2003,05,18,324540.0,3334500.0
20030518,2003,05,18,324510.0,3334500.0
20030518,2003,05,18,324510.0,3334530.0
20030518,2003,05,18,324480.0,3334530.0
20030518,2003,05,18,324450.0,3334530.0
20030518,2003,05,18,324450.0,3334560.0
20030518,2003,05,18,324420.0,3334560.0
20030518,2003,05,18,324390.0,3334560.0
20030518,2003,05,18,324360.0,3334560.0
20030518,2003,05,18,324330.0,3334560.0
20030518,2003,05,18,324300.0,3334590.0
20030518,2003,05,18,324270.0,3334590.0
20030518,2003,05,18,324240.0,3334560.0
20030518,2003,05,18,324210.0,3334560.0
20030518,2003,05,18,324180.0,3334560.0
20030518,2003,05,18,324150.0,3334560.0
20030518,2003,05,18,324120.0,3334560.0
20030518,2003,05,18,324090.0,3334560.0
20030518,2003,05,18,324060.0,3334530.0
20030518,2003,05,18,324030.0,3334530.0
20030518,2003,05,18,324030.0,3334500.0
20030518,2003,05,18,324000.0,3334500.0
20030518,2003,05,18,324000.0,3334470.0
20030518,2003,05,18,323970.0,3334470.0
20030518,2003,05,18,323970.0,3334440.0
20030518,2003,05,18,323940.0,3334440.0
20030518,2003,05,18,323940.0,3334410.0
20030518,2003,05,18,323940.0,3334380.0
20030518,2003,05,18,323940.0,3334350.0
20030518,2003,05,18,323940.0,3334320.0
20030518,2003,05,18,323940.0,3334290.0
20030518,2003,05,18,323940.0,3334260.0
20030518,2003,05,18,323940.0,3334230.0
20030518,2003,05,18,323970.0,3334230.0
20030518,2003,05,18,323970.0,3334200.0
20030518,2003,05,18,323970.0,3334170.0
20030518,2003,05,18,324000.0,3334170.0
20030518,2003,05,18,324000.0,3334140.0
20030518,2003,05,18,324030.0,3334140.0
20030518,2003,05,18,324030.0,3334110.0
20030518,2003,05,18,324060.0,3334110.0
20030518,2003,05,18,324060.0,3334080.0
20030518,2003,05,18,324090.0,3334080.0
20030518,2003,05,18,324090.0,3334050.0
20030518,2003,05,18,324120.0,3334050.0
20030518,2003,05,18,324150.0,3334050.0
20030518,2003,05,18,324150.0,3334020.0
20030518,2003,05,18,324180.0,3334020.0
20030518,2003,05,18,324180.0,3333990.0
20030518,2003,05,18,324210.0,3333990.0
20030518,2003,05,18,324210.0,3333960.0
20030518,2003,05,18,324240.0,3333960.0
20030518,2003,05,18,324240.0,3333930.0
20030518,2003,05,18,324270.0,3333930.0
20030518,2003,05,18,324270.0,3333900.0
20030518,2003,05,18,324300.0,3333900.0
20030518,2003,05,18,324300.0,3333870.0
20030518,2003,05,18,324300.0,3333840.0
20030518,2003,05,18,324330.0,3333840.0
20030518,2003,05,18,324330.0,3333810.0
20030518,2003,05,18,324360.0,3333810.0
20030518,2003,05,18,324360.0,3333780.0
20030518,2003,05,18,324390.0,3333780.0
20030518,2003,05,18,324390.0,3333750.0
20030518,2003,05,18,324420.0,3333750.0
20030518,2003,05,18,324420.0,3333720.0
20030518,2003,05,18,324420.0,3333690.0
20030518,2003,05,18,324450.0,3333690.0
20030518,2003,05,18,324450.0,3333660.0
20030518,2003,05,18,324480.0,3333660.0
20030518,2003,05,18,324480.0,3333630.0
20030518,2003,05,18,324510.0,3333630.0
20030518,2003,05,18,324540.0,3333630.0
20030518,2003,05,18,324570.0,3333600.0
20030518,2003,05,18,324600.0,3333600.0
20030518,2003,05,18,324630.0,3333600.0
20030518,2003,05,18,324660.0,3333600.0
20030518,2003,05,18,324690.0,3333600.0
20030518,2003,05,18,324720.0,3333600.0
20030518,2003,05,18,324750.0,3333600.0
20030518,2003,05,18,324780.0,3333600.0
20030518,2003,05,18,324810.0,3333600.0
20030518,2003,05,18,324840.0,3333600.0
20030518,2003,05,18,324870.0,3333600.0
20030518,2003,05,18,324900.0,3333600.0
20030518,2003,05,18,324930.0,3333600.0
20030518,2003,05,18,324960.0,3333600.0
20030518,2003,05,18,324990.0,3333600.0
20030518,2003,05,18,324990.0,3333570.0
20030518,2003,05,18,325020.0,3333570.0
20030518,2003,05,18,325020.0,3333540.0
20030518,2003,05,18,325050.0,3333540.0
20030518,2003,05,18,325050.0,3333510.0
20030518,2003,05,18,325080.0,3333480.0
20030518,2003,05,18,325080.0,3333450.0
20030518,2003,05,18,325080.0,3333420.0
20030518,2003,05,18,325080.0,3333390.0
20030518,2003,05,18,325080.0,3333360.0
20030518,2003,05,18,325050.0,3333330.0
20030518,2003,05,18,325050.0,3333300.0
20030518,2003,05,18,325020.0,3333300.0
20030518,2003,05,18,325020.0,3333270.0
20030518,2003,05,18,325020.0,3333240.0
20030518,2003,05,18,324990.0,3333240.0
20030518,2003,05,18,324990.0,3333210.0
20030518,2003,05,18,324990.0,3333180.0
20030518,2003,05,18,324960.0,3333150.0
20030518,2003,05,18,324960.0,3333120.0
20030518,2003,05,18,324960.0,3333090.0
20030518,2003,05,18,324960.0,3333060.0
20030518,2003,05,18,324990.0,3333030.0
20030518,2003,05,18,324990.0,3333000.0
20030518,2003,05,18,324990.0,3332970.0
20030518,2003,05,18,324990.0,3332940.0
20030518,2003,05,18,325020.0,3332940.0
20030518,2003,05,18,325020.0,3332910.0
20030518,2003,05,18,325020.0,3332880.0
20030518,2003,05,18,325050.0,3332880.0
20030518,2003,05,18,325050.0,3332850.0
20030518,2003,05,18,325080.0,3332850.0
20030518,2003,05,18,325080.0,3332820.0
20030518,2003,05,18,325110.0,3332820.0
20030518,2003,05,18,325110.0,3332790.0
20030518,2003,05,18,325140.0,3332790.0
20030518,2003,05,18,325140.0,3332760.0
20030518,2003,05,18,325170.0,3332760.0
20030518,2003,05,18,325170.0,3332730.0
20030518,2003,05,18,325200.0,3332730.0
20030518,2003,05,18,325230.0,3332730.0
20030518,2003,05,18,325230.0,3332700.0
20030518,2003,05,18,325260.0,3332700.0
20030518,2003,05,18,325260.0,3332670.0
20030518,2003,05,18,325290.0,3332670.0
20030518,2003,05,18,325290.0,3332640.0
20030518,2003,05,18,325320.0,3332640.0
20030518,2003,05,18,325320.0,3332610.0
20030518,2003,05,18,325350.0,3332610.0
20030518,2003,05,18,325350.0,3332580.0
20030518,2003,05,18,325380.0,3332580.0
20030518,2003,05,18,325380.0,3332550.0
20030518,2003,05,18,325410.0,3332520.0
20030518,2003,05,18,325410.0,3332490.0
20030518,2003,05,18,325410.0,3332460.0
20030518,2003,05,18,325410.0,3332430.0
20030518,2003,05,18,325380.0,3332400.0
20030518,2003,05,18,325380.0,3332370.0
20030518,2003,05,18,325380.0,3332340.0
20030518,2003,05,18,325350.0,3332310.0
20030518,2003,05,18,325350.0,3332280.0
20030518,2003,05,18,325320.0,3332280.0
20030518,2003,05,18,325320.0,3332250.0
20030518,2003,05,18,325320.0,3332220.0
20030518,2003,05,18,325290.0,3332220.0
20030518,2003,05,18,325290.0,3332190.0
20030518,2003,05,18,325260.0,3332190.0
20030518,2003,05,18,325260.0,3332160.0
20030518,2003,05,18,325230.0,3332130.0
20030518,2003,05,18,325230.0,3332100.0
20030518,2003,05,18,325200.0,3332070.0
20030518,2003,05,18,325200.0,3332040.0
20030518,2003,05,18,325230.0,3332010.0
20030518,2003,05,18,325230.0,3331980.0
20030518,2003,05,18,325230.0,3331950.0
20030518,2003,05,18,325230.0,3331920.0
20030518,2003,05,18,325260.0,3331890.0
20030518,2003,05,18,325260.0,3331860.0
20030518,2003,05,18,325260.0,3331830.0
20030518,2003,05,18,325290.0,3331830.0
20030518,2003,05,18,325290.0,3331800.0
20030518,2003,05,18,325320.0,3331800.0
20030518,2003,05,18,325320.0,3331770.0
20030518,2003,05,18,325320.0,3331740.0
20030518,2003,05,18,325350.0,3331740.0
20030518,2003,05,18,325350.0,3331710.0
20030518,2003,05,18,325380.0,3331710.0
20030518,2003,05,18,325380.0,3331680.0
20030518,2003,05,18,325380.0,3331650.0
20030518,2003,05,18,325410.0,3331650.0
20030518,2003,05,18,325410.0,3331620.0
20030518,2003,05,18,325410.0,3331590.0
20030518,2003,05,18,325440.0,3331560.0
20030518,2003,05,18,325440.0,3331530.0
20030518,2003,05,18,325440.0,3331500.0
20030518,2003,05,18,325410.0,3331470.0
20030518,2003,05,18,325410.0,3331440.0
20030518,2003,05,18,325380.0,3331440.0
20030518,2003,05,18,325380.0,3331410.0
20030518,2003,05,18,325350.0,3331380.0
20030518,2003,05,18,325320.0,3331380.0
20030518,2003,05,18,325290.0,3331380.0
20030518,2003,05,18,325290.0,3331350.0
20030518,2003,05,18,325260.0,3331350.0
20030518,2003,05,18,325230.0,3331350.0
20030518,2003,05,18,325200.0,3331320.0
20030518,2003,05,18,325170.0,3331320.0
20030518,2003,05,18,325140.0,3331320.0
20030518,2003,05,18,325110.0,3331320.0
20030518,2003,05,18,325080.0,3331320.0
20030518,2003,05,18,325050.0,3331320.0
20030518,2003,05,18,325020.0,3331320.0
20030518,2003,05,18,324990.0,3331350.0
20030518,2003,05,18,324960.0,3331350.0
20030518,2003,05,18,324930.0,3331350.0
20030518,2003,05,18,324900.0,3331350.0
20030518,2003,05,18,324870.0,3331350.0
20030518,2003,05,18,324840.0,3331320.0
20030518,2003,05,18,324810.0,3331320.0
20030518,2003,05,18,324780.0,3331320.0
20030518,2003,05,18,324750.0,3331320.0
20030518,2003,05,18,324720.0,3331320.0
20030518,2003,05,18,324690.0,3331290.0
20030518,2003,05,18,324660.0,3331290.0
20030518,2003,05,18,324660.0,3331260.0
20030518,2003,05,18,324630.0,3331260.0
20030518,2003,05,18,324630.0,3331230.0
20030518,2003,05,18,324600.0,3331230.0
20030518,2003,05,18,324600.0,3331200.0
20030518,2003,05,18,324570.0,3331200.0
20030518,2003,05,18,324570.0,3331170.0
20030518,2003,05,18,324540.0,3331170.0
20030518,2003,05,18,324540.0,3331140.0
20030518,2003,05,18,324540.0,3331110.0
20030518,2003,05,18,324510.0,3331080.0
20030518,2003,05,18,324510.0,3331050.0
20030518,2003,05,18,324510.0,3331020.0
20030518,2003,05,18,324510.0,3330990.0
20030518,2003,05,18,324510.0,3330960.0
20030518,2003,05,18,324510.0,3330930.0
20030518,2003,05,18,324510.0,3330900.0
20030518,2003,05,18,324510.0,3330870.0
20030518,2003,05,18,324510.0,3330840.0
20030518,2003,05,18,324540.0,3330810.0
20030518,2003,05,18,324540.0,3330780.0
20030518,2003,05,18,324540.0,3330750.0
20030518,2003,05,18,324570.0,3330720.0
20030518,2003,05,18,324570.0,3330690.0
20030518,2003,05,18,324570.0,3330660.0
20030518,2003,05,18,324570.0,3330630.0
20030518,2003,05,18,324570.0,3330600.0
20030518,2003,05,18,324570.0,3330570.0
20030518,2003,05,18,324570.0,3330540.0
20030518,2003,05,18,324570.0,3330510.0
20030518,2003,05,18,324570.0,3330480.0
20030518,2003,05,18,324540.0,3330480.0
20030518,2003,05,18,324540.0,3330450.0
20030518,2003,05,18,324540.0,3330420.0
20030518,2003,05,18,324510.0,3330420.0
20030518,2003,05,18,324510.0,3330390.0
20030518,2003,05,18,324510.0,3330360.0
20030518,2003,05,18,324480.0,3330360.0
20030518,2003,05,18,324480.0,3330330.0
20030518,2003,05,18,324450.0,3330330.0
20030518,2003,05,18,324450.0,3330300.0
20030518,2003,05,18,324420.0,3330300.0
20030518,2003,05,18,324420.0,3330270.0
20030518,2003,05,18,324420.0,3330240.0
20030518,2003,05,18,324390.0,3330240.0
20030518,2003,05,18,324390.0,3330210.0
20030518,2003,05,18,324390.0,3330180.0
20030518,2003,05,18,324360.0,3330180.0
20030518,2003,05,18,324360.0,3330150.0
20030518,2003,05,18,324360.0,3330120.0
20030518,2003,05,18,324360.0,3330090.0
20030518,2003,05,18,324330.0,3330060.0
20030518,2003,05,18,324330.0,3330030.0
20030518,2003,05,18,324360.0,3330000.0
20030518,2003,05,18,324360.0,3329970.0
20030518,2003,05,18,324360.0,3329940.0
20030518,2003,05,18,324390.0,3329910.0
20030518,2003,05,18,324390.0,3329880.0
20030518,2003,05,18,324390.0,3329850.0
20030518,2003,05,18,324420.0,3329820.0
20030518,2003,05,18,324420.0,3329790.0
20030518,2003,05,18,324450.0,3329790.0
20030518,2003,05,18,324450.0,3329760.0
20030518,2003,05,18,324450.0,3329730.0
20030518,2003,05,18,324480.0,3329730.0
20030518,2003,05,18,324480.0,3329700.0
20030518,2003,05,18,324480.0,3329670.0
20030518,2003,05,18,324510.0,3329640.0
20030518,2003,05,18,324510.0,3329610.0
20030518,2003,05,18,324510.0,3329580.0
20030518,2003,05,18,324540.0,3329550.0
20030518,2003,05,18,324540.0,3329520.0
20030518,2003,05,18,324540.0,3329490.0
20030518,2003,05,18,324540.0,3329460.0
20030518,2003,05,18,324570.0,3329430.0
20030518,2003,05,18,324570.0,3329400.0
20030518,2003,05,18,324570.0,3329370.0
20030518,2003,05,18,324600.0,3329370.0
20030518,2003,05,18,324600.0,3329340.0
20030518,2003,05,18,324600.0,3329310.0
20030518,2003,05,18,324630.0,3329310.0
20030518,2003,05,18,324630.0,3329280.0
20030518,2003,05,18,324630.0,3329250.0
20030518,2003,05,18,324630.0,3329220.0
20030518,2003,05,18,324660.0,3329190.0
20030518,2003,05,18,324660.0,3329160.0
20030518,2003,05,18,324690.0,3329160.0
20030518,2003,05,18,324690.0,3329130.0
20030518,2003,05,18,324690.0,3329100.0
20030518,2003,05,18,324690.0,3329070.0
20030518,2003,05,18,324720.0,3329070.0
20030518,2003,05,18,324720.0,3329040.0
20030518,2003,05,18,324750.0,3329010.0
20030518,2003,05,18,324750.0,3328980.0
20030518,2003,05,18,324750.0,3328950.0
20030518,2003,05,18,324750.0,3328920.0
20030518,2003,05,18,324780.0,3328890.0
20030518,2003,05,18,324780.0,3328860.0
20030518,2003,05,18,324750.0,3328830.0
20030518,2003,05,18,324750.0,3328800.0
20030518,2003,05,18,324750.0,3328770.0
20030518,2003,05,18,324720.0,3328770.0
20030518,2003,05,18,324720.0,3328740.0
20030518,2003,05,18,324690.0,3328740.0
20030518,2003,05,18,324690.0,3328710.0
20030518,2003,05,18,324660.0,3328710.0
20030518,2003,05,18,324660.0,3328680.0
20030518,2003,05,18,324630.0,3328680.0
20030518,2003,05,18,324630.0,3328650.0
20030518,2003,05,18,324600.0,3328650.0
20030518,2003,05,18,324570.0,3328650.0
20030518,2003,05,18,324570.0,3328620.0
20030518,2003,05,18,324540.0,3328620.0
20030518,2003,05,18,324510.0,3328620.0
20030518,2003,05,18,324510.0,3328590.0
20030518,2003,05,18,324480.0,3328590.0
20030518,2003,05,18,324450.0,3328590.0
20030518,2003,05,18,324450.0,3328560.0
20030518,2003,05,18,324420.0,3328560.0
20030518,2003,05,18,324420.0,3328530.0
20030518,2003,05,18,324390.0,3328530.0
20030518,2003,05,18,324390.0,3328500.0
20030518,2003,05,18,324360.0,3328500.0
20030518,2003,05,18,324360.0,3328470.0
20030518,2003,05,18,324330.0,3328470.0
20030518,2003,05,18,324330.0,3328440.0
20030518,2003,05,18,324300.0,3328440.0
20030518,2003,05,18,324300.0,3328410.0
20030518,2003,05,18,324270.0,3328380.0
20030518,2003,05,18,324270.0,3328350.0
20030518,2003,05,18,324270.0,3328320.0
20030518,2003,05,18,324240.0,3328290.0
20030518,2003,05,18,324240.0,3328260.0
20030518,2003,05,18,324240.0,3328230.0
20030518,2003,05,18,324210.0,3328200.0
20030518,2003,05,18,324210.0,3328170.0
20030518,2003,05,18,324210.0,3328140.0
20030518,2003,05,18,324180.0,3328140.0
20030518,2003,05,18,324180.0,3328110.0
20030518,2003,05,18,324180.0,3328080.0
20030518,2003,05,18,324150.0,3328080.0
20030518,2003,05,18,324150.0,3328050.0
20030518,2003,05,18,324120.0,3328050.0
20030518,2003,05,18,324120.0,3328020.0
20030518,2003,05,18,324090.0,3328020.0
20030518,2003,05,18,324090.0,3327990.0
20030518,2003,05,18,324060.0,3327990.0
20030518,2003,05,18,324030.0,3327990.0
20030518,2003,05,18,324030.0,3327960.0
20030518,2003,05,18,324000.0,3327960.0
20030518,2003,05,18,323970.0,3327960.0
20030518,2003,05,18,323970.0,3327930.0
20030518,2003,05,18,323940.0,3327930.0
20030518,2003,05,18,323910.0,3327930.0
20030518,2003,05,18,323880.0,3327930.0
20030518,2003,05,18,323880.0,3327900.0
20030518,2003,05,18,323850.0,3327900.0
20030518,2003,05,18,323850.0,3327870.0
20030518,2003,05,18,323850.0,3327840.0
20030518,2003,05,18,323850.0,3327810.0
20030518,2003,05,18,323850.0,3327780.0
20030518,2003,05,18,323880.0,3327750.0
20030518,2003,05,18,323880.0,3327720.0
20030518,2003,05,18,323910.0,3327720.0
20030518,2003,05,18,323910.0,3327690.0
20030518,2003,05,18,323940.0,3327690.0
20030518,2003,05,18,323940.0,3327660.0
20030518,2003,05,18,323970.0,3327660.0
20030518,2003,05,18,323970.0,3327630.0
20030518,2003,05,18,324000.0,3327630.0
20030518,2003,05,18,324030.0,3327630.0
20030518,2003,05,18,324030.0,3327600.0
20030518,2003,05,18,324060.0,3327600.0
20030518,2003,05,18,324060.0,3327570.0
20030518,2003,05,18,324090.0,3327570.0
20030518,2003,05,18,324120.0,3327570.0
20030518,2003,05,18,324120.0,3327540.0
20030518,2003,05,18,324150.0,3327540.0
20030518,2003,05,18,324150.0,3327510.0
20030518,2003,05,18,324180.0,3327510.0
20030518,2003,05,18,324210.0,3327510.0
20030518,2003,05,18,324210.0,3327480.0
20030518,2003,05,18,324240.0,3327480.0
20030518,2003,05,18,324270.0,3327480.0
20030518,2003,05,18,324300.0,3327480.0
20030518,2003,05,18,324300.0,3327450.0
20030518,2003,05,18,324330.0,3327450.0
20030518,2003,05,18,324360.0,3327450.0
20030518,2003,05,18,324360.0,3327420.0
20030518,2003,05,18,324390.0,3327420.0
20030518,2003,05,18,324390.0,3327390.0
20030518,2003,05,18,324420.0,3327390.0
20030518,2003,05,18,324450.0,3327360.0
20030518,2003,05,18,324450.0,3327330.0
20030518,2003,05,18,324480.0,3327330.0
20030518,2003,05,18,324480.0,3327300.0
20030518,2003,05,18,324510.0,3327270.0
20030518,2003,05,18,324510.0,3327240.0
20030518,2003,05,18,324510.0,3327210.0
20030518,2003,05,18,324510.0,3327180.0
20030518,2003,05,18,324510.0,3327150.0
20030518,2003,05,18,324510.0,3327120.0
20030518,2003,05,18,324480.0,3327090.0
20030518,2003,05,18,324480.0,3327060.0
20030518,2003,05,18,324450.0,3327030.0
20030518,2003,05,18,324450.0,3327000.0
20030518,2003,05,18,324450.0,3326970.0
20030518,2003,05,18,324420.0,3326940.0
20030518,2003,05,18,324420.0,3326910.0
20030518,2003,05,18,324390.0,3326880.0
20030518,2003,05,18,324390.0,3326850.0
20030518,2003,05,18,324420.0,3326820.0
20030518,2003,05,18,324450.0,3326820.0
20030518,2003,05,18,324450.0,3326790.0
20030518,2003,05,18,324480.0,3326790.0
20030518,2003,05,18,324510.0,3326790.0
20030518,2003,05,18,324540.0,3326790.0
20030518,2003,05,18,324570.0,3326760.0
20030518,2003,05,18,324600.0,3326760.0
20030518,2003,05,18,324630.0,3326760.0
20030518,2003,05,18,324660.0,3326760.0
20030518,2003,05,18,324690.0,3326760.0
20030518,2003,05,18,324690.0,3326730.0
20030518,2003,05,18,324720.0,3326730.0
20030518,2003,05,18,324720.0,3326700.0
20030518,2003,05,18,324750.0,3326700.0
20030518,2003,05,18,324750.0,3326670.0
20030518,2003,05,18,324780.0,3326640.0
20030518,2003,05,18,324750.0,3326610.0
20030518,2003,05,18,324750.0,3326580.0
20030518,2003,05,18,324750.0,3326550.0
20030518,2003,05,18,324750.0,3326520.0
20030518,2003,05,18,324750.0,3326490.0
20030518,2003,05,18,324720.0,3326460.0
20030518,2003,05,18,324720.0,3326430.0
20030518,2003,05,18,324720.0,3326400.0
20030518,2003,05,18,324690.0,3326400.0
20030518,2003,05,18,324690.0,3326370.0
20030518,2003,05,18,324660.0,3326370.0
20030518,2003,05,18,324660.0,3326340.0
20030518,2003,05,18,324630.0,3326340.0
20030518,2003,05,18,324630.0,3326310.0
20030518,2003,05,18,324600.0,3326310.0
20030518,2003,05,18,324570.0,3326310.0
20030518,2003,05,18,324570.0,3326280.0
20030518,2003,05,18,324540.0,3326280.0
20030518,2003,05,18,324510.0,3326250.0
20030518,2003,05,18,324480.0,3326250.0
20030518,2003,05,18,324450.0,3326250.0
20030518,2003,05,18,324420.0,3326250.0
20030518,2003,05,18,324390.0,3326250.0
20030518,2003,05,18,324360.0,3326250.0
20030518,2003,05,18,324330.0,3326220.0
20030518,2003,05,18,324300.0,3326220.0
20030518,2003,05,18,324270.0,3326220.0
20030518,2003,05,18,324240.0,3326220.0
20030518,2003,05,18,324240.0,3326190.0
20030518,2003,05,18,324210.0,3326190.0
20030518,2003,05,18,324180.0,3326190.0
20030518,2003,05,18,324180.0,3326160.0
20030518,2003,05,18,324150.0,3326160.0
20030518,2003,05,18,324150.0,3326130.0
20030518,2003,05,18,324120.0,3326130.0
20030518,2003,05,18,324090.0,3326130.0
20030518,2003,05,18,324090.0,3326100.0
20030518,2003,05,18,324060.0,3326100.0
20030518,2003,05,18,324060.0,3326070.0
20030518,2003,05,18,324030.0,3326070.0
20030518,2003,05,18,324030.0,3326040.0
20030518,2003,05,18,324000.0,3326040.0
20030518,2003,05,18,323970.0,3326040.0
20030518,2003,05,18,323970.0,3326010.0
20030518,2003,05,18,323940.0,3326010.0
20030518,2003,05,18,323940.0,3325980.0
20030518,2003,05,18,323910.0,3325980.0
20030518,2003,05,18,323910.0,3325950.0
20030518,2003,05,18,323880.0,3325950.0
20030518,2003,05,18,323850.0,3325950.0
20030518,2003,05,18,323850.0,3325920.0
20030518,2003,05,18,323820.0,3325920.0
20030518,2003,05,18,323820.0,3325890.0
20030518,2003,05,18,323790.0,3325890.0
20030518,2003,05,18,323760.0,3325890.0
20030518,2003,05,18,323760.0,3325860.0
20030518,2003,05,18,323730.0,3325860.0
20030518,2003,05,18,323730.0,3325830.0
20030518,2003,05,18,323700.0,3325830.0
20030518,2003,05,18,323670.0,3325830.0
20030518,2003,05,18,323670.0,3325800.0
20030518,2003,05,18,323640.0,3325800.0
20030518,2003,05,18,323640.0,3325770.0
20030518,2003,05,18,323610.0,3325770.0
20030518,2003,05,18,323580.0,3325770.0
20030518,2003,05,18,323580.0,3325740.0
20030518,2003,05,18,323550.0,3325740.0
20030518,2003,05,18,323550.0,3325710.0
20030518,2003,05,18,323520.0,3325710.0
20030518,2003,05,18,323490.0,3325710.0
20030518,2003,05,18,323490.0,3325680.0
20030518,2003,05,18,323460.0,3325680.0
20030518,2003,05,18,323460.0,3325650.0
20030518,2003,05,18,323430.0,3325650.0
20030518,2003,05,18,323430.0,3325620.0
20030518,2003,05,18,323400.0,3325620.0
20030518,2003,05,18,323400.0,3325590.0
20030518,2003,05,18,323370.0,3325590.0
20030518,2003,05,18,323370.0,3325560.0
20030518,2003,05,18,323370.0,3325530.0
20030518,2003,05,18,323340.0,3325530.0
20030518,2003,05,18,323340.0,3325500.0
20030518,2003,05,18,323340.0,3325470.0
20030518,2003,05,18,323310.0,3325470.0
20030518,2003,05,18,323310.0,3325440.0
20030518,2003,05,18,323310.0,3325410.0
20030518,2003,05,18,323310.0,3325380.0
20030518,2003,05,18,323340.0,3325350.0
20030518,2003,05,18,323340.0,3325320.0
20030518,2003,05,18,323340.0,3325290.0
20030518,2003,05,18,323370.0,3325290.0
20030518,2003,05,18,323370.0,3325260.0
20030518,2003,05,18,323400.0,3325260.0
20030518,2003,05,18,323400.0,3325230.0
20030518,2003,05,18,323400.0,3325200.0
20030518,2003,05,18,323430.0,3325200.0
20030518,2003,05,18,323430.0,3325170.0
20030518,2003,05,18,323460.0,3325170.0
20030518,2003,05,18,323460.0,3325140.0
20030518,2003,05,18,323490.0,3325140.0
20030518,2003,05,18,323490.0,3325110.0
20030518,2003,05,18,323520.0,3325110.0
20030518,2003,05,18,323550.0,3325110.0
20030518,2003,05,18,323550.0,3325080.0
20030518,2003,05,18,323580.0,3325080.0
20030518,2003,05,18,323610.0,3325080.0
20030518,2003,05,18,323610.0,3325050.0
20030518,2003,05,18,323640.0,3325050.0
20030518,2003,05,18,323670.0,3325050.0
20030518,2003,05,18,323670.0,3325020.0
20030518,2003,05,18,323700.0,3325020.0
20030518,2003,05,18,323730.0,3325020.0
20030518,2003,05,18,323730.0,3324990.0
20030518,2003,05,18,323760.0,3324990.0
20030518,2003,05,18,323790.0,3324990.0
20030518,2003,05,18,323790.0,3324960.0
20030518,2003,05,18,323820.0,3324960.0
20030518,2003,05,18,323850.0,3324960.0
20030518,2003,05,18,323850.0,3324930.0
20030518,2003,05,18,323880.0,3324930.0
20030518,2003,05,18,323910.0,3324930.0
20030518,2003,05,18,323910.0,3324900.0
20030518,2003,05,18,323940.0,3324900.0
20030518,2003,05,18,323970.0,3324900.0
20030518,2003,05,18,323970.0,3324870.0
20030518,2003,05,18,324000.0,3324870.0
20030518,2003,05,18,324000.0,3324840.0
20030518,2003,05,18,324030.0,3324840.0
20030518,2003,05,18,324030.0,3324810.0
20030518,2003,05,18,324060.0,3324810.0
20030518,2003,05,18,324060.0,3324780.0
20030518,2003,05,18,324090.0,3324780.0
20030518,2003,05,18,324090.0,3324750.0
20030518,2003,05,18,324090.0,3324720.0
20030518,2003,05,18,324120.0,3324720.0
20030518,2003,05,18,324120.0,3324690.0
20030518,2003,05,18,324120.0,3324660.0
20030518,2003,05,18,324120.0,3324630.0
20030518,2003,05,18,324120.0,3324600.0
20030518,2003,05,18,324120.0,3324570.0
20030518,2003,05,18,324120.0,3324540.0
20030518,2003,05,18,324120.0,3324510.0
20030518,2003,05,18,324150.0,3324480.0
20030518,2003,05,18,324150.0,3324450.0
20030518,2003,05,18,324150.0,3324420.0
20030518,2003,05,18,324150.0,3324390.0
20030518,2003,05,18,324150.0,3324360.0
20030518,2003,05,18,324180.0,3324330.0
20030518,2003,05,18,324180.0,3324300.0
20030518,2003,05,18,324180.0,3324270.0
20030518,2003,05,18,324180.0,3324240.0
20030518,2003,05,18,324180.0,3324210.0
20030518,2003,05,18,324180.0,3324180.0
20030518,2003,05,18,324180.0,3324150.0
20030518,2003,05,18,324180.0,3324120.0
20030518,2003,05,18,324180.0,3324090.0
20030518,2003,05,18,324180.0,3324060.0
20030518,2003,05,18,324180.0,3324030.0
20030518,2003,05,18,324180.0,3324000.0
20030518,2003,05,18,324180.0,3323970.0
20030518,2003,05,18,324180.0,3323940.0
20030518,2003,05,18,324150.0,3323910.0
20030518,2003,05,18,324150.0,3323880.0
20030518,2003,05,18,324150.0,3323850.0
20030518,2003,05,18,324150.0,3323820.0
20030518,2003,05,18,324150.0,3323790.0
20030518,2003,05,18,324120.0,3323760.0
20030518,2003,05,18,324120.0,3323730.0
20030518,2003,05,18,324120.0,3323700.0
20030518,2003,05,18,324090.0,3323700.0
20030518,2003,05,18,324090.0,3323670.0
20030518,2003,05,18,324090.0,3323640.0
20030518,2003,05,18,324060.0,3323640.0
20030518,2003,05,18,324030.0,3323610.0
20030518,2003,05,18,324000.0,3323610.0
20030518,2003,05,18,324000.0,3323580.0
20030518,2003,05,18,323970.0,3323580.0
20030518,2003,05,18,323970.0,3323550.0
20030518,2003,05,18,323970.0,3323520.0
20030518,2003,05,18,323940.0,3323520.0
20030518,2003,05,18,323940.0,3323490.0
20030518,2003,05,18,323910.0,3323490.0
20030518,2003,05,18,323910.0,3323460.0
20030518,2003,05,18,323910.0,3323430.0
20030518,2003,05,18,323880.0,3323430.0
20030518,2003,05,18,323880.0,3323400.0
20030518,2003,05,18,323880.0,3323370.0
20030518,2003,05,18,323850.0,3323340.0
20030518,2003,05,18,323850.0,3323310.0
20030518,2003,05,18,323850.0,3323280.0
20030518,2003,05,18,323820.0,3323280.0
20030518,2003,05,18,323820.0,3323250.0
20030518,2003,05,18,323820.0,3323220.0
20030518,2003,05,18,323820.0,3323190.0
20030518,2003,05,18,323820.0,3323160.0
20030518,2003,05,18,323820.0,3323130.0
20030518,2003,05,18,323820.0,3323100.0
20030518,2003,05,18,323820.0,3323070.0
20030518,2003,05,18,323820.0,3323040.0
20030518,2003,05,18,323850.0,3323010.0
20030518,2003,05,18,323850.0,3322980.0
20030518,2003,05,18,323850.0,3322950.0
20030518,2003,05,18,323880.0,3322950.0
20030518,2003,05,18,323880.0,3322920.0
20030518,2003,05,18,323910.0,3322920.0
20030518,2003,05,18,323910.0,3322890.0
20030518,2003,05,18,323910.0,3322860.0
20030518,2003,05,18,323940.0,3322860.0
20030518,2003,05,18,323940.0,3322830.0
20030518,2003,05,18,323970.0,3322830.0
20030518,2003,05,18,323970.0,3322800.0
20030518,2003,05,18,324000.0,3322800.0
20030518,2003,05,18,324000.0,3322770.0
20030518,2003,05,18,324030.0,3322770.0
20030518,2003,05,18,324030.0,3322740.0
20030518,2003,05,18,324060.0,3322740.0
20030518,2003,05,18,324060.0,3322710.0
20030518,2003,05,18,324090.0,3322710.0
20030518,2003,05,18,324090.0,3322680.0
20030518,2003,05,18,324120.0,3322680.0
20030518,2003,05,18,324120.0,3322650.0
20030518,2003,05,18,324150.0,3322650.0
20030518,2003,05,18,324150.0,3322620.0
20030518,2003,05,18,324180.0,3322620.0
20030518,2003,05,18,324180.0,3322590.0
20030518,2003,05,18,324210.0,3322590.0
20030518,2003,05,18,324240.0,3322590.0
20030518,2003,05,18,324240.0,3322560.0
20030518,2003,05,18,324270.0,3322560.0
20030518,2003,05,18,324270.0,3322530.0
20030518,2003,05,18,324300.0,3322530.0
20030518,2003,05,18,324300.0,3322500.0
20030518,2003,05,18,324330.0,3322500.0
20030518,2003,05,18,324330.0,3322470.0
20030518,2003,05,18,324330.0,3322440.0
20030518,2003,05,18,324360.0,3322440.0
20030518,2003,05,18,324360.0,3322410.0
20030518,2003,05,18,324360.0,3322380.0
20030518,2003,05,18,324360.0,3322350.0
20030518,2003,05,18,324360.0,3322320.0
20030518,2003,05,18,324330.0,3322290.0
20030518,2003,05,18,324330.0,3322260.0
20030518,2003,05,18,324330.0,3322230.0
20030518,2003,05,18,324300.0,3322230.0
20030518,2003,05,18,324300.0,3322200.0
20030518,2003,05,18,324300.0,3322170.0
20030518,2003,05,18,324270.0,3322170.0
20030518,2003,05,18,324270.0,3322140.0
20030518,2003,05,18,324240.0,3322140.0
20030518,2003,05,18,324240.0,3322110.0
20030518,2003,05,18,324240.0,3322080.0
20030518,2003,05,18,324240.0,3322050.0
20030518,2003,05,18,324240.0,3322020.0
20030518,2003,05,18,324240.0,3321990.0
20030518,2003,05,18,324240.0,3321960.0
20030518,2003,05,18,324240.0,3321930.0
20030518,2003,05,18,324240.0,3321900.0
20030518,2003,05,18,324240.0,3321870.0
20030518,2003,05,18,324270.0,3321840.0
20030518,2003,05,18,324270.0,3321810.0
20030518,2003,05,18,324300.0,3321810.0
20030518,2003,05,18,324300.0,3321780.0
20030518,2003,05,18,324330.0,3321780.0
20030518,2003,05,18,324330.0,3321750.0
20030518,2003,05,18,324330.0,3321720.0
20030518,2003,05,18,324360.0,3321720.0
20030518,2003,05,18,324360.0,3321690.0
20030518,2003,05,18,324390.0,3321690.0
20030518,2003,05,18,324390.0,3321660.0
20030518,2003,05,18,324420.0,3321660.0
20030518,2003,05,18,324420.0,3321630.0
20030518,2003,05,18,324450.0,3321630.0
20030518,2003,05,18,324450.0,3321600.0
20030518,2003,05,18,324450.0,3321570.0
20030518,2003,05,18,324480.0,3321570.0
20030518,2003,05,18,324480.0,3321540.0
20030518,2003,05,18,324510.0,3321540.0
20030518,2003,05,18,324510.0,3321510.0
20030518,2003,05,18,324540.0,3321510.0
20030518,2003,05,18,324540.0,3321480.0
20030518,2003,05,18,324570.0,3321480.0
20030518,2003,05,18,324570.0,3321450.0
20030518,2003,05,18,324570.0,3321420.0
20030518,2003,05,18,324600.0,3321420.0
20030518,2003,05,18,324600.0,3321390.0
20030518,2003,05,18,324600.0,3321360.0
20030518,2003,05,18,324630.0,3321360.0
20030518,2003,05,18,324630.0,3321330.0
20030518,2003,05,18,324660.0,3321300.0
20030518,2003,05,18,324660.0,3321270.0
20030518,2003,05,18,324660.0,3321240.0
20030518,2003,05,18,324690.0,3321210.0
20030518,2003,05,18,324690.0,3321180.0
20030518,2003,05,18,324690.0,3321150.0
20030518,2003,05,18,324660.0,3321120.0
20030518,2003,05,18,324660.0,3321090.0
20030518,2003,05,18,324630.0,3321090.0
20030518,2003,05,18,324630.0,3321060.0
20030518,2003,05,18,324600.0,3321060.0
20030518,2003,05,18,324600.0,3321030.0
20030518,2003,05,18,324570.0,3321030.0
20030518,2003,05,18,324570.0,3321000.0
20030518,2003,05,18,324540.0,3321000.0
20030518,2003,05,18,324510.0,3321000.0
20030518,2003,05,18,324510.0,3320970.0
20030518,2003,05,18,324480.0,3320970.0
20030518,2003,05,18,324480.0,3320940.0
20030518,2003,05,18,324450.0,3320940.0
20030518,2003,05,18,324420.0,3320940.0
20030518,2003,05,18,324420.0,3320910.0
20030518,2003,05,18,324390.0,3320910.0
20030518,2003,05,18,324360.0,3320910.0
20030518,2003,05,18,324330.0,3320880.0
20030518,2003,05,18,324300.0,3320880.0
20030518,2003,05,18,324270.0,3320850.0
20030518,2003,05,18,324240.0,3320850.0
20030518,2003,05,18,324210.0,3320850.0
20030518,2003,05,18,324210.0,3320820.0
20030518,2003,05,18,324180.0,3320820.0
20030518,2003,05,18,324180.0,3320790.0
20030518,2003,05,18,324150.0,3320790.0
20030518,2003,05,18,324150.0,3320760.0
20030518,2003,05,18,324120.0,3320730.0
20030518,2003,05,18,324120.0,3320700.0
20030518,2003,05,18,324150.0,3320670.0
20030518,2003,05,18,324150.0,3320640.0
20030518,2003,05,18,324150.0,3320610.0
20030518,2003,05,18,324180.0,3320610.0
20030518,2003,05,18,324180.0,3320580.0
20030518,2003,05,18,324210.0,3320580.0
20030518,2003,05,18,324210.0,3320550.0
20030518,2003,05,18,324240.0,3320550.0
20030518,2003,05,18,324270.0,3320550.0
20030518,2003,05,18,324270.0,3320520.0
20030518,2003,05,18,324300.0,3320520.0
20030518,2003,05,18,324330.0,3320520.0
20030518,2003,05,18,324360.0,3320490.0
20030518,2003,05,18,324390.0,3320490.0
20030518,2003,05,18,324420.0,3320490.0
20030518,2003,05,18,324420.0,3320460.0
20030518,2003,05,18,324450.0,3320460.0
20030518,2003,05,18,324480.0,3320460.0
20030518,2003,05,18,324510.0,3320460.0
20030518,2003,05,18,324540.0,3320430.0
20030518,2003,05,18,324570.0,3320430.0
20030518,2003,05,18,324600.0,3320460.0
20030518,2003,05,18,324630.0,3320460.0
20030518,2003,05,18,324660.0,3320460.0
20030518,2003,05,18,324690.0,3320460.0
20030518,2003,05,18,324720.0,3320490.0
20030518,2003,05,18,324750.0,3320490.0
20030518,2003,05,18,324780.0,3320490.0
20030518,2003,05,18,324780.0,3320520.0
20030518,2003,05,18,324810.0,3320520.0
20030518,2003,05,18,324840.0,3320520.0
20030518,2003,05,18,324840.0,3320550.0
20030518,2003,05,18,324870.0,3320550.0
20030518,2003,05,18,324870.0,3320580.0
20030518,2003,05,18,324900.0,3320580.0
20030518,2003,05,18,324930.0,3320580.0
20030518,2003,05,18,324930.0,3320610.0
20030518,2003,05,18,324960.0,3320610.0
20030518,2003,05,18,324960.0,3320640.0
20030518,2003,05,18,324990.0,3320640.0
20030518,2003,05,18,325020.0,3320640.0
20030518,2003,05,18,325020.0,3320670.0
20030518,2003,05,18,325050.0,3320670.0
20030518,2003,05,18,325080.0,3320670.0
20030518,2003,05,18,325080.0,3320700.0
20030518,2003,05,18,325110.0,3320700.0
20030518,2003,05,18,325140.0,3320700.0
20030518,2003,05,18,325170.0,3320730.0
20030518,2003,05,18,325200.0,3320730.0
20030518,2003,05,18,325230.0,3320730.0
20030518,2003,05,18,325260.0,3320730.0
20030518,2003,05,18,325290.0,3320730.0
20030518,2003,05,18,325320.0,3320700.0
20030518,2003,05,18,325350.0,3320700.0
20030518,2003,05,18,325350.0,3320670.0
20030518,2003,05,18,325380.0,3320670.0
20030518,2003,05,18,325380.0,3320640.0
20030518,2003,05,18,325410.0,3320640.0
20030518,2003,05,18,325410.0,3320610.0
20030518,2003,05,18,325440.0,3320610.0
20030518,2003,05,18,325440.0,3320580.0
20030518,2003,05,18,325440.0,3320550.0
20030518,2003,05,18,325470.0,3320550.0
20030518,2003,05,18,325470.0,3320520.0
20030518,2003,05,18,325470.0,3320490.0
20030518,2003,05,18,325470.0,3320460.0
20030518,2003,05,18,325470.0,3320430.0
20030518,2003,05,18,325470.0,3320400.0
20030518,2003,05,18,325470.0,3320370.0
20030518,2003,05,18,325470.0,3320340.0
20030518,2003,05,18,325440.0,3320340.0
20030518,2003,05,18,325440.0,3320310.0
20030518,2003,05,18,325440.0,3320280.0
20030518,2003,05,18,325410.0,3320280.0
20030518,2003,05,18,325410.0,3320250.0
20030518,2003,05,18,325410.0,3320220.0
20030518,2003,05,18,325380.0,3320220.0
20030518,2003,05,18,325380.0,3320190.0
20030518,2003,05,18,325380.0,3320160.0
20030518,2003,05,18,325350.0,3320160.0
20030518,2003,05,18,325350.0,3320130.0
20030518,2003,05,18,325350.0,3320100.0
20030518,2003,05,18,325320.0,3320100.0
20030518,2003,05,18,325320.0,3320070.0
20030518,2003,05,18,325320.0,3320040.0
20030518,2003,05,18,325290.0,3320040.0
20030518,2003,05,18,325290.0,3320010.0
20030518,2003,05,18,325290.0,3319980.0
20030518,2003,05,18,325260.0,3319980.0
20030518,2003,05,18,325260.0,3319950.0
20030518,2003,05,18,325230.0,3319950.0
20030518,2003,05,18,325230.0,3319920.0
20030518,2003,05,18,325230.0,3319890.0
20030518,2003,05,18,325200.0,3319890.0
20030518,2003,05,18,325200.0,3319860.0
20030518,2003,05,18,325170.0,3319860.0
20030518,2003,05,18,325170.0,3319830.0
20030518,2003,05,18,325170.0,3319800.0
20030518,2003,05,18,325140.0,3319800.0
20030518,2003,05,18,325140.0,3319770.0
20030518,2003,05,18,325110.0,3319770.0
20030518,2003,05,18,325110.0,3319740.0
20030518,2003,05,18,325110.0,3319710.0
20030518,2003,05,18,325080.0,3319710.0
20030518,2003,05,18,325080.0,3319680.0
20030518,2003,05,18,325080.0,3319650.0
20030518,2003,05,18,325050.0,3319650.0
20030518,2003,05,18,325050.0,3319620.0
20030518,2003,05,18,325020.0,3319620.0
20030518,2003,05,18,325020.0,3319590.0
20030518,2003,05,18,325020.0,3319560.0
20030518,2003,05,18,324990.0,3319560.0
20030518,2003,05,18,324990.0,3319530.0
20030518,2003,05,18,324960.0,3319530.0
20030518,2003,05,18,324960.0,3319500.0
20030518,2003,05,18,324930.0,3319470.0
20030518,2003,05,18,324900.0,3319470.0
20030518,2003,05,18,324900.0,3319440.0
20030518,2003,05,18,324870.0,3319440.0
20030518,2003,05,18,324870.0,3319410.0
20030518,2003,05,18,324840.0,3319410.0
20030518,2003,05,18,324840.0,3319380.0
20030518,2003,05,18,324810.0,3319380.0
20030518,2003,05,18,324810.0,3319350.0
20030518,2003,05,18,324780.0,3319350.0
20030518,2003,05,18,324780.0,3319320.0
20030518,2003,05,18,324750.0,3319320.0
20030518,2003,05,18,324750.0,3319290.0
20030518,2003,05,18,324720.0,3319290.0
20030518,2003,05,18,324720.0,3319260.0
20030518,2003,05,18,324690.0,3319260.0
20030518,2003,05,18,324690.0,3319230.0
20030518,2003,05,18,324690.0,3319200.0
20030518,2003,05,18,324690.0,3319170.0
20030518,2003,05,18,324690.0,3319140.0
20030518,2003,05,18,324690.0,3319110.0
20030518,2003,05,18,324720.0,3319110.0
20030518,2003,05,18,324720.0,3319080.0
20030518,2003,05,18,324750.0,3319080.0
20030518,2003,05,18,324750.0,3319050.0
20030518,2003,05,18,324780.0,3319050.0
20030518,2003,05,18,324780.0,3319020.0
20030518,2003,05,18,324810.0,3319020.0
20030518,2003,05,18,324810.0,3318990.0
20030518,2003,05,18,324840.0,3318990.0
20030518,2003,05,18,324840.0,3318960.0
20030518,2003,05,18,324870.0,3318960.0
20030518,2003,05,18,324870.0,3318930.0
20030518,2003,05,18,324900.0,3318930.0
20030518,2003,05,18,324900.0,3318900.0
20030518,2003,05,18,324900.0,3318870.0
20030518,2003,05,18,324930.0,3318870.0
20030518,2003,05,18,324930.0,3318840.0
20030518,2003,05,18,324960.0,3318840.0
20030518,2003,05,18,324990.0,3318840.0
20030518,2003,05,18,324990.0,3318810.0
20030518,2003,05,18,325020.0,3318810.0
20030518,2003,05,18,325020.0,3318780.0
20030518,2003,05,18,325050.0,3318780.0
20030518,2003,05,18,325080.0,3318780.0
20030518,2003,05,18,325080.0,3318750.0
20030518,2003,05,18,325110.0,3318750.0
20030518,2003,05,18,325110.0,3318720.0
20030518,2003,05,18,325140.0,3318720.0
20030518,2003,05,18,325170.0,3318720.0
20030518,2003,05,18,325170.0,3318690.0
20030518,2003,05,18,325200.0,3318690.0
20030518,2003,05,18,325230.0,3318690.0
20030518,2003,05,18,325230.0,3318660.0
20030518,2003,05,18,325260.0,3318660.0
20030518,2003,05,18,325260.0,3318630.0
20030518,2003,05,18,325290.0,3318630.0
20030518,2003,05,18,325320.0,3318630.0
20030518,2003,05,18,325320.0,3318600.0
20030518,2003,05,18,325350.0,3318600.0
20030518,2003,05,18,325350.0,3318570.0
20030518,2003,05,18,325380.0,3318570.0
20030518,2003,05,18,325380.0,3318540.0
20030518,2003,05,18,325380.0,3318510.0
20030518,2003,05,18,325410.0,3318510.0
20030518,2003,05,18,325410.0,3318480.0
20030518,2003,05,18,325410.0,3318450.0
20030518,2003,05,18,325410.0,3318420.0
20030518,2003,05,18,325380.0,3318390.0
20030518,2003,05,18,325380.0,3318360.0
20030518,2003,05,18,325380.0,3318330.0
20030518,2003,05,18,325350.0,3318330.0
20030518,2003,05,18,325350.0,3318300.0
20030518,2003,05,18,325320.0,3318300.0
20030518,2003,05,18,325320.0,3318270.0
20030518,2003,05,18,325290.0,3318270.0
20030518,2003,05,18,325290.0,3318240.0
20030518,2003,05,18,325260.0,3318240.0
20030518,2003,05,18,325260.0,3318210.0
20030518,2003,05,18,325230.0,3318210.0
20030518,2003,05,18,325230.0,3318180.0
20030518,2003,05,18,325200.0,3318180.0
20030518,2003,05,18,325170.0,3318180.0
20030518,2003,05,18,325170.0,3318150.0
20030518,2003,05,18,325140.0,3318150.0
20030518,2003,05,18,325140.0,3318120.0
20030518,2003,05,18,325140.0,3318090.0
20030518,2003,05,18,325110.0,3318090.0
20030518,2003,05,18,325110.0,3318060.0
20030518,2003,05,18,325080.0,3318060.0
20030518,2003,05,18,325080.0,3318030.0
20030518,2003,05,18,325080.0,3318000.0
20030518,2003,05,18,325080.0,3317970.0
20030518,2003,05,18,325080.0,3317940.0
20030518,2003,05,18,325080.0,3317910.0
20030518,2003,05,18,325080.0,3317880.0
20030518,2003,05,18,325080.0,3317850.0
20030518,2003,05,18,325110.0,3317820.0
20030518,2003,05,18,325110.0,3317790.0
20030518,2003,05,18,325110.0,3317760.0
20030518,2003,05,18,325140.0,3317760.0
20030518,2003,05,18,325140.0,3317730.0
20030518,2003,05,18,325140.0,3317700.0
20030518,2003,05,18,325170.0,3317700.0
20030518,2003,05,18,325170.0,3317670.0
20030518,2003,05,18,325170.0,3317640.0
20030518,2003,05,18,325200.0,3317610.0
20030518,2003,05,18,325200.0,3317580.0
20030518,2003,05,18,325200.0,3317550.0
20030518,2003,05,18,325200.0,3317520.0
20030518,2003,05,18,325200.0,3317490.0
20030518,2003,05,18,325200.0,3317460.0
20030518,2003,05,18,325200.0,3317430.0
20030518,2003,05,18,325200.0,3317400.0
20030518,2003,05,18,325200.0,3317370.0
20030518,2003,05,18,325170.0,3317340.0
20030518,2003,05,18,325170.0,3317310.0
20030518,2003,05,18,325140.0,3317310.0
20030518,2003,05,18,325140.0,3317280.0
20030518,2003,05,18,325140.0,3317250.0
20030518,2003,05,18,325110.0,3317250.0
20030518,2003,05,18,325110.0,3317220.0
20030518,2003,05,18,325080.0,3317220.0
20030518,2003,05,18,325080.0,3317190.0
20030518,2003,05,18,325050.0,3317190.0
20030518,2003,05,18,325050.0,3317160.0
20030518,2003,05,18,325020.0,3317160.0
20030518,2003,05,18,325020.0,3317130.0
20030518,2003,05,18,324990.0,3317130.0
20030518,2003,05,18,324990.0,3317100.0
20030518,2003,05,18,324960.0,3317100.0
20030518,2003,05,18,324960.0,3317070.0
20030518,2003,05,18,324930.0,3317070.0
20030518,2003,05,18,324930.0,3317040.0
20030518,2003,05,18,324930.0,3317010.0
20030518,2003,05,18,324930.0,3316980.0
20030518,2003,05,18,324930.0,3316950.0
20030518,2003,05,18,324930.0,3316920.0
20030518,2003,05,18,324960.0,3316920.0
20030518,2003,05,18,324960.0,3316890.0
20030518,2003,05,18,324990.0,3316890.0
20030518,2003,05,18,324990.0,3316860.0
20030518,2003,05,18,325020.0,3316860.0
20030518,2003,05,18,325020.0,3316830.0
20030518,2003,05,18,325050.0,3316830.0
20030518,2003,05,18,325080.0,3316830.0
20030518,2003,05,18,325080.0,3316800.0
20030518,2003,05,18,325110.0,3316800.0
20030518,2003,05,18,325140.0,3316800.0
20030518,2003,05,18,325170.0,3316770.0
20030518,2003,05,18,325200.0,3316770.0
20030518,2003,05,18,325230.0,3316770.0
20030518,2003,05,18,325260.0,3316770.0
20030518,2003,05,18,325290.0,3316770.0
20030518,2003,05,18,325320.0,3316740.0
20030518,2003,05,18,325350.0,3316740.0
20030518,2003,05,18,325380.0,3316740.0
20030518,2003,05,18,325410.0,3316740.0
20030518,2003,05,18,325440.0,3316710.0
20030518,2003,05,18,325470.0,3316710.0
20030518,2003,05,18,325500.0,3316710.0
20030518,2003,05,18,325500.0,3316680.0
20030518,2003,05,18,325530.0,3316680.0
20030518,2003,05,18,325560.0,3316680.0
20030518,2003,05,18,325560.0,3316650.0
20030518,2003,05,18,325590.0,3316650.0
20030518,2003,05,18,325620.0,3316650.0
20030518,2003,05,18,325620.0,3316620.0
20030518,2003,05,18,325650.0,3316620.0
20030518,2003,05,18,325650.0,3316590.0
20030518,2003,05,18,325680.0,3316590.0
20030518,2003,05,18,325710.0,3316590.0
20030518,2003,05,18,325710.0,3316560.0
20030518,2003,05,18,325740.0,3316560.0
20030518,2003,05,18,325740.0,3316530.0
20030518,2003,05,18,325770.0,3316530.0
20030518,2003,05,18,325770.0,3316500.0
20030518,2003,05,18,325800.0,3316500.0
20030518,2003,05,18,325800.0,3316470.0
20030518,2003,05,18,325800.0,3316440.0
20030518,2003,05,18,325830.0,3316440.0
20030518,2003,05,18,325830.0,3316410.0
20030518,2003,05,18,325860.0,3316410.0
20030518,2003,05,18,325860.0,3316380.0
20030518,2003,05,18,325890.0,3316380.0
20030518,2003,05,18,325890.0,3316350.0
20030518,2003,05,18,325890.0,3316320.0
20030518,2003,05,18,325890.0,3316290.0
20030518,2003,05,18,325890.0,3316260.0
20030518,2003,05,18,325890.0,3316230.0
20030518,2003,05,18,325860.0,3316200.0
20030518,2003,05,18,325830.0,3316200.0
20030518,2003,05,18,325800.0,3316170.0
20030518,2003,05,18,325770.0,3316170.0
20030518,2003,05,18,325740.0,3316170.0
20030518,2003,05,18,325710.0,3316170.0
20030518,2003,05,18,325680.0,3316170.0
20030518,2003,05,18,325680.0,3316200.0
20030518,2003,05,18,325650.0,3316200.0
20030518,2003,05,18,325620.0,3316200.0
20030518,2003,05,18,325620.0,3316230.0
20030518,2003,05,18,325590.0,3316230.0
20030518,2003,05,18,325560.0,3316230.0
20030518,2003,05,18,325560.0,3316260.0
20030518,2003,05,18,325530.0,3316260.0
20030518,2003,05,18,325530.0,3316290.0
20030518,2003,05,18,325500.0,3316290.0
20030518,2003,05,18,325500.0,3316320.0
20030518,2003,05,18,325470.0,3316320.0
20030518,2003,05,18,325440.0,3316350.0
20030518,2003,05,18,325410.0,3316350.0
20030518,2003,05,18,325380.0,3316350.0
20030518,2003,05,18,325350.0,3316350.0
20030518,2003,05,18,325320.0,3316350.0
20030518,2003,05,18,325320.0,3316320.0
20030518,2003,05,18,325290.0,3316320.0
20030518,2003,05,18,325290.0,3316290.0
20030518,2003,05,18,325290.0,3316260.0
20030518,2003,05,18,325290.0,3316230.0
20030518,2003,05,18,325290.0,3316200.0
20030518,2003,05,18,325290.0,3316170.0
20030518,2003,05,18,325320.0,3316170.0
20030518,2003,05,18,325320.0,3316140.0
20030518,2003,05,18,325320.0,3316110.0
20030518,2003,05,18,325350.0,3316110.0
20030518,2003,05,18,325350.0,3316080.0
20030518,2003,05,18,325350.0,3316050.0
20030518,2003,05,18,325350.0,3316020.0
20030518,2003,05,18,325380.0,3315990.0
20030518,2003,05,18,325380.0,3315960.0
20030518,2003,05,18,325380.0,3315930.0
20030518,2003,05,18,325410.0,3315930.0
20030518,2003,05,18,325410.0,3315900.0
20030518,2003,05,18,325410.0,3315870.0
20030518,2003,05,18,325440.0,3315870.0
20030518,2003,05,18,325440.0,3315840.0
20030518,2003,05,18,325440.0,3315810.0
20030518,2003,05,18,325470.0,3315810.0
20030518,2003,05,18,325470.0,3315780.0
20030518,2003,05,18,325470.0,3315750.0
20030518,2003,05,18,325500.0,3315750.0
20030518,2003,05,18,325500.0,3315720.0
20030518,2003,05,18,325530.0,3315720.0
20030518,2003,05,18,325530.0,3315690.0
20030518,2003,05,18,325530.0,3315660.0
20030518,2003,05,18,325560.0,3315660.0
20030518,2003,05,18,325560.0,3315630.0
20030518,2003,05,18,325560.0,3315600.0
20030518,2003,05,18,325590.0,3315600.0
20030518,2003,05,18,325590.0,3315570.0
20030518,2003,05,18,325620.0,3315570.0
20030518,2003,05,18,325620.0,3315540.0
20030518,2003,05,18,325620.0,3315510.0
20030518,2003,05,18,325650.0,3315510.0
20030518,2003,05,18,325650.0,3315480.0
20030518,2003,05,18,325650.0,3315450.0
20030518,2003,05,18,325680.0,3315450.0
20030518,2003,05,18,325680.0,3315420.0
20030518,2003,05,18,325680.0,3315390.0
20030518,2003,05,18,325710.0,3315390.0
20030518,2003,05,18,325710.0,3315360.0
20030518,2003,05,18,325710.0,3315330.0
20030518,2003,05,18,325740.0,3315300.0
20030518,2003,05,18,325740.0,3315270.0
20030518,2003,05,18,325740.0,3315240.0
20030518,2003,05,18,325770.0,3315210.0
20030518,2003,05,18,325770.0,3315180.0
20030518,2003,05,18,325770.0,3315150.0
20030518,2003,05,18,325770.0,3315120.0
20030518,2003,05,18,325770.0,3315090.0
20030518,2003,05,18,325770.0,3315060.0
20030518,2003,05,18,325770.0,3315030.0
20030518,2003,05,18,325770.0,3315000.0
20030518,2003,05,18,325740.0,3315000.0
20030518,2003,05,18,325740.0,3314970.0
20030518,2003,05,18,325740.0,3314940.0
20030518,2003,05,18,325710.0,3314940.0
20030518,2003,05,18,325710.0,3314910.0
20030518,2003,05,18,325680.0,3314910.0
20030518,2003,05,18,325680.0,3314880.0
20030518,2003,05,18,325650.0,3314880.0
20030518,2003,05,18,325620.0,3314880.0
20030518,2003,05,18,325620.0,3314850.0
20030518,2003,05,18,325590.0,3314850.0
20030518,2003,05,18,325560.0,3314850.0
20030518,2003,05,18,325530.0,3314850.0
20030518,2003,05,18,325500.0,3314850.0
20030518,2003,05,18,325470.0,3314850.0
20030518,2003,05,18,325440.0,3314850.0
20030518,2003,05,18,325440.0,3314880.0
20030518,2003,05,18,325410.0,3314880.0
20030518,2003,05,18,325410.0,3314910.0
20030518,2003,05,18,325410.0,3314940.0
20030518,2003,05,18,325380.0,3314940.0
20030518,2003,05,18,325380.0,3314970.0
20030518,2003,05,18,325350.0,3314970.0
20030518,2003,05,18,325350.0,3315000.0
20030518,2003,05,18,325350.0,3315030.0
20030518,2003,05,18,325320.0,3315060.0
20030518,2003,05,18,325320.0,3315090.0
20030518,2003,05,18,325320.0,3315120.0
20030518,2003,05,18,325290.0,3315150.0
20030518,2003,05,18,325290.0,3315180.0
20030518,2003,05,18,325290.0,3315210.0
20030518,2003,05,18,325260.0,3315210.0
20030518,2003,05,18,325260.0,3315240.0
20030518,2003,05,18,325230.0,3315270.0
20030518,2003,05,18,325200.0,3315270.0
20030518,2003,05,18,325170.0,3315270.0
20030518,2003,05,18,325140.0,3315270.0
20030518,2003,05,18,325110.0,3315270.0
20030518,2003,05,18,325110.0,3315240.0
20030518,2003,05,18,325110.0,3315210.0
20030518,2003,05,18,325080.0,3315210.0
20030518,2003,05,18,325080.0,3315180.0
20030518,2003,05,18,325080.0,3315150.0
20030518,2003,05,18,325050.0,3315120.0
20030518,2003,05,18,325050.0,3315090.0
20030518,2003,05,18,325050.0,3315060.0
20030518,2003,05,18,325050.0,3315030.0
20030518,2003,05,18,325050.0,3315000.0
20030518,2003,05,18,325050.0,3314970.0
20030518,2003,05,18,325050.0,3314940.0
20030518,2003,05,18,325020.0,3314910.0
20030518,2003,05,18,325020.0,3314880.0
20030518,2003,05,18,325020.0,3314850.0
20030518,2003,05,18,325020.0,3314820.0
20030518,2003,05,18,325020.0,3314790.0
20030518,2003,05,18,325020.0,3314760.0
20030518,2003,05,18,325020.0,3314730.0
20030518,2003,05,18,325020.0,3314700.0
20030518,2003,05,18,325020.0,3314670.0
20030518,2003,05,18,325020.0,3314640.0
20030518,2003,05,18,325020.0,3314610.0
20030518,2003,05,18,325020.0,3314580.0
20030518,2003,05,18,325020.0,3314550.0
20030518,2003,05,18,325020.0,3314520.0
20030518,2003,05,18,325020.0,3314490.0
20030518,2003,05,18,325020.0,3314460.0
20030518,2003,05,18,325050.0,3314430.0
20030518,2003,05,18,325050.0,3314400.0
20030518,2003,05,18,325050.0,3314370.0
20030518,2003,05,18,325080.0,3314370.0
20030518,2003,05,18,325080.0,3314340.0
20030518,2003,05,18,325080.0,3314310.0
20030518,2003,05,18,325110.0,3314310.0
20030518,2003,05,18,325110.0,3314280.0
20030518,2003,05,18,325140.0,3314280.0
20030518,2003,05,18,325140.0,3314250.0
20030518,2003,05,18,325140.0,3314220.0
20030518,2003,05,18,325170.0,3314220.0
20030518,2003,05,18,325170.0,3314190.0
20030518,2003,05,18,325170.0,3314160.0
20030518,2003,05,18,325200.0,3314130.0
20030518,2003,05,18,325200.0,3314100.0
20030518,2003,05,18,325200.0,3314070.0
20030518,2003,05,18,325200.0,3314040.0
20030518,2003,05,18,325200.0,3314010.0
20030518,2003,05,18,325200.0,3313980.0
20030518,2003,05,18,325200.0,3313950.0
20030518,2003,05,18,325200.0,3313920.0
20030518,2003,05,18,325200.0,3313890.0
20030518,2003,05,18,325200.0,3313860.0
20030518,2003,05,18,325200.0,3313830.0
20030518,2003,05,18,325200.0,3313800.0
20030518,2003,05,18,325200.0,3313770.0
20030518,2003,05,18,325200.0,3313740.0
20030518,2003,05,18,325200.0,3313710.0
20030518,2003,05,18,325230.0,3313680.0
20030518,2003,05,18,325230.0,3313650.0
20030518,2003,05,18,325260.0,3313650.0
20030518,2003,05,18,325260.0,3313620.0
20030518,2003,05,18,325290.0,3313620.0
20030518,2003,05,18,325290.0,3313590.0
20030518,2003,05,18,325320.0,3313590.0
20030518,2003,05,18,325350.0,3313590.0
20030518,2003,05,18,325380.0,3313590.0
20030518,2003,05,18,325410.0,3313590.0
20030518,2003,05,18,325440.0,3313590.0
20030518,2003,05,18,325470.0,3313620.0
20030518,2003,05,18,325500.0,3313620.0
20030518,2003,05,18,325500.0,3313650.0
20030518,2003,05,18,325530.0,3313650.0
20030518,2003,05,18,325560.0,3313650.0
20030518,2003,05,18,325560.0,3313680.0
20030518,2003,05,18,325590.0,3313680.0
20030518,2003,05,18,325620.0,3313680.0
20030518,2003,05,18,325620.0,3313710.0
20030518,2003,05,18,325650.0,3313710.0
20030518,2003,05,18,325650.0,3313740.0
20030518,2003,05,18,325680.0,3313740.0
20030518,2003,05,18,325680.0,3313770.0
20030518,2003,05,18,325710.0,3313770.0
20030518,2003,05,18,325710.0,3313800.0
20030518,2003,05,18,325710.0,3313830.0
20030518,2003,05,18,325740.0,3313830.0
20030518,2003,05,18,325740.0,3313860.0
20030518,2003,05,18,325770.0,3313860.0
20030518,2003,05,18,325770.0,3313890.0
20030518,2003,05,18,325770.0,3313920.0
20030518,2003,05,18,325800.0,3313920.0
20030518,2003,05,18,325800.0,3313950.0
20030518,2003,05,18,325800.0,3313980.0
20030518,2003,05,18,325830.0,3314010.0
20030518,2003,05,18,325830.0,3314040.0
20030518,2003,05,18,325830.0,3314070.0
20030518,2003,05,18,325830.0,3314100.0
20030518,2003,05,18,325830.0,3314130.0
20030518,2003,05,18,325800.0,3314160.0
20030518,2003,05,18,325800.0,3314190.0
20030518,2003,05,18,325800.0,3314220.0
20030518,2003,05,18,325800.0,3314250.0
20030518,2003,05,18,325770.0,3314280.0
20030518,2003,05,18,325770.0,3314310.0
20030518,2003,05,18,325770.0,3314340.0
20030518,2003,05,18,325770.0,3314370.0
20030518,2003,05,18,325770.0,3314400.0
20030518,2003,05,18,325770.0,3314430.0
20030518,2003,05,18,325770.0,3314460.0
20030518,2003,05,18,325770.0,3314490.0
20030518,2003,05,18,325770.0,3314520.0
20030518,2003,05,18,325800.0,3314520.0
20030518,2003,05,18,325800.0,3314550.0
20030518,2003,05,18,325800.0,3314580.0
20030518,2003,05,18,325830.0,3314580.0
20030518,2003,05,18,325860.0,3314580.0
20030518,2003,05,18,325890.0,3314610.0
20030518,2003,05,18,325920.0,3314610.0
20030518,2003,05,18,325950.0,3314610.0
20030518,2003,05,18,325980.0,3314580.0
20030518,2003,05,18,326010.0,3314580.0
20030518,2003,05,18,326040.0,3314550.0
20030518,2003,05,18,326070.0,3314550.0
20030518,2003,05,18,326070.0,3314520.0
20030518,2003,05,18,326100.0,3314520.0
20030518,2003,05,18,326130.0,3314520.0
20030518,2003,05,18,326130.0,3314490.0
20030518,2003,05,18,326160.0,3314490.0
20030518,2003,05,18,326160.0,3314460.0
20030518,2003,05,18,326190.0,3314460.0
20030518,2003,05,18,326190.0,3314430.0
20030518,2003,05,18,326220.0,3314430.0
20030518,2003,05,18,326220.0,3314400.0
20030518,2003,05,18,326250.0,3314400.0
20030518,2003,05,18,326250.0,3314370.0
20030518,2003,05,18,326250.0,3314340.0
20030518,2003,05,18,326280.0,3314340.0
20030518,2003,05,18,326310.0,3314340.0
20030518,2003,05,18,326310.0,3314310.0
20030518,2003,05,18,326340.0,3314310.0
20030518,2003,05,18,326340.0,3314280.0
20030518,2003,05,18,326370.0,3314280.0
20030518,2003,05,18,326370.0,3314250.0
20030518,2003,05,18,326400.0,3314250.0
20030518,2003,05,18,326430.0,3314250.0
20030518,2003,05,18,326430.0,3314220.0
20030518,2003,05,18,326460.0,3314220.0
20030518,2003,05,18,326490.0,3314220.0
20030518,2003,05,18,326520.0,3314190.0
20030518,2003,05,18,326550.0,3314190.0
20030518,2003,05,18,326580.0,3314190.0
20030518,2003,05,18,326610.0,3314190.0
20030518,2003,05,18,326640.0,3314220.0
20030518,2003,05,18,326670.0,3314220.0
20030518,2003,05,18,326700.0,3314220.0
20030518,2003,05,18,326730.0,3314250.0
20030518,2003,05,18,326760.0,3314250.0
20030518,2003,05,18,326790.0,3314280.0
20030518,2003,05,18,326820.0,3314280.0
20030518,2003,05,18,326850.0,3314280.0
20030518,2003,05,18,326880.0,3314310.0
20030518,2003,05,18,326910.0,3314310.0
20030518,2003,05,18,326940.0,3314310.0
20030518,2003,05,18,326940.0,3314280.0
20030518,2003,05,18,326970.0,3314280.0
20030518,2003,05,18,326970.0,3314250.0
20030518,2003,05,18,327000.0,3314250.0
20030518,2003,05,18,327000.0,3314220.0
20030518,2003,05,18,327000.0,3314190.0
20030518,2003,05,18,326970.0,3314160.0
20030518,2003,05,18,326970.0,3314130.0
20030518,2003,05,18,326940.0,3314130.0
20030518,2003,05,18,326940.0,3314100.0
20030518,2003,05,18,326910.0,3314100.0
20030518,2003,05,18,326910.0,3314070.0
20030518,2003,05,18,326910.0,3314040.0
20030518,2003,05,18,326880.0,3314040.0
20030518,2003,05,18,326880.0,3314010.0
20030518,2003,05,18,326850.0,3314010.0
20030518,2003,05,18,326850.0,3313980.0
20030518,2003,05,18,326850.0,3313950.0
20030518,2003,05,18,326820.0,3313950.0
20030518,2003,05,18,326820.0,3313920.0
20030518,2003,05,18,326820.0,3313890.0
20030518,2003,05,18,326790.0,3313860.0
20030518,2003,05,18,326790.0,3313830.0
20030518,2003,05,18,326790.0,3313800.0
20030518,2003,05,18,326820.0,3313770.0
20030518,2003,05,18,326820.0,3313740.0
20030518,2003,05,18,326850.0,3313740.0
20030518,2003,05,18,326850.0,3313710.0
20030518,2003,05,18,326880.0,3313710.0
20030518,2003,05,18,326910.0,3313710.0
20030518,2003,05,18,326940.0,3313710.0
20030518,2003,05,18,326970.0,3313710.0
20030518,2003,05,18,326970.0,3313740.0
20030518,2003,05,18,327000.0,3313740.0
20030518,2003,05,18,327030.0,3313740.0
20030518,2003,05,18,327030.0,3313770.0
20030518,2003,05,18,327060.0,3313770.0
20030518,2003,05,18,327060.0,3313800.0
20030518,2003,05,18,327090.0,3313800.0
20030518,2003,05,18,327090.0,3313830.0
20030518,2003,05,18,327090.0,3313860.0
20030518,2003,05,18,327120.0,3313860.0
20030518,2003,05,18,327120.0,3313890.0
20030518,2003,05,18,327120.0,3313920.0
20030518,2003,05,18,327120.0,3313950.0
20030518,2003,05,18,327150.0,3313950.0
20030518,2003,05,18,327150.0,3313980.0
20030518,2003,05,18,327150.0,3314010.0
20030518,2003,05,18,327180.0,3314040.0
20030518,2003,05,18,327180.0,3314070.0
20030518,2003,05,18,327180.0,3314100.0
20030518,2003,05,18,327210.0,3314100.0
20030518,2003,05,18,327210.0,3314130.0
20030518,2003,05,18,327240.0,3314130.0
20030518,2003,05,18,327270.0,3314130.0
20030518,2003,05,18,327300.0,3314130.0
20030518,2003,05,18,327330.0,3314130.0
20030518,2003,05,18,327330.0,3314100.0
20030518,2003,05,18,327360.0,3314100.0
20030518,2003,05,18,327360.0,3314070.0
20030518,2003,05,18,327360.0,3314040.0
20030518,2003,05,18,327360.0,3314010.0
20030518,2003,05,18,327390.0,3313980.0
20030518,2003,05,18,327390.0,3313950.0
20030518,2003,05,18,327390.0,3313920.0
20030518,2003,05,18,327390.0,3313890.0
20030518,2003,05,18,327390.0,3313860.0
20030518,2003,05,18,327390.0,3313830.0
20030518,2003,05,18,327420.0,3313800.0
20030518,2003,05,18,327420.0,3313770.0
20030518,2003,05,18,327420.0,3313740.0
20030518,2003,05,18,327450.0,3313710.0
20030518,2003,05,18,327450.0,3313680.0
20030518,2003,05,18,327450.0,3313650.0
20030518,2003,05,18,327480.0,3313650.0
20030518,2003,05,18,327480.0,3313620.0
20030518,2003,05,18,327510.0,3313620.0
20030518,2003,05,18,327510.0,3313590.0
20030518,2003,05,18,327540.0,3313590.0
20030518,2003,05,18,327540.0,3313560.0
20030518,2003,05,18,327570.0,3313560.0
20030518,2003,05,18,327570.0,3313530.0
20030518,2003,05,18,327600.0,3313530.0
20030518,2003,05,18,327630.0,3313530.0
20030518,2003,05,18,327660.0,3313530.0
20030518,2003,05,18,327690.0,3313530.0
20030518,2003,05,18,327720.0,3313560.0
20030518,2003,05,18,327750.0,3313560.0
20030518,2003,05,18,327780.0,3313560.0
20030518,2003,05,18,327810.0,3313560.0
20030518,2003,05,18,327840.0,3313560.0
20030518,2003,05,18,327840.0,3313530.0
20030518,2003,05,18,327870.0,3313530.0
20030518,2003,05,18,327870.0,3313500.0
20030518,2003,05,18,327900.0,3313500.0
20030518,2003,05,18,327900.0,3313470.0
20030518,2003,05,18,327900.0,3313440.0
20030518,2003,05,18,327930.0,3313440.0
20030518,2003,05,18,327930.0,3313410.0
20030518,2003,05,18,327930.0,3313380.0
20030518,2003,05,18,327930.0,3313350.0
20030518,2003,05,18,327960.0,3313320.0
20030518,2003,05,18,327960.0,3313290.0
20030518,2003,05,18,327960.0,3313260.0
20030518,2003,05,18,327990.0,3313230.0
20030518,2003,05,18,327990.0,3313200.0
20030518,2003,05,18,327990.0,3313170.0
20030518,2003,05,18,328020.0,3313170.0
20030518,2003,05,18,328020.0,3313140.0
20030518,2003,05,18,328050.0,3313140.0
20030518,2003,05,18,328050.0,3313110.0
20030518,2003,05,18,328050.0,3313080.0
20030518,2003,05,18,328080.0,3313080.0
20030518,2003,05,18,328080.0,3313050.0
20030518,2003,05,18,328110.0,3313050.0
20030518,2003,05,18,328110.0,3313020.0
20030518,2003,05,18,328140.0,3313020.0
20030518,2003,05,18,328140.0,3312990.0
20030518,2003,05,18,328170.0,3312990.0
20030518,2003,05,18,328170.0,3312960.0
20030518,2003,05,18,328200.0,3312960.0
20030518,2003,05,18,328230.0,3312960.0
20030518,2003,05,18,328260.0,3312960.0
20030518,2003,05,18,328290.0,3312960.0
20030518,2003,05,18,328320.0,3312960.0
20030518,2003,05,18,328350.0,3312960.0
20030518,2003,05,18,328380.0,3312960.0
20030518,2003,05,18,328380.0,3312990.0
20030518,2003,05,18,328410.0,3312990.0
20030518,2003,05,18,328440.0,3312990.0
20030518,2003,05,18,328440.0,3313020.0
20030518,2003,05,18,328470.0,3313020.0
20030518,2003,05,18,328470.0,3313050.0
20030518,2003,05,18,328470.0,3313080.0
20030518,2003,05,18,328500.0,3313080.0
20030518,2003,05,18,328500.0,3313110.0
20030518,2003,05,18,328530.0,3313110.0
20030518,2003,05,18,328530.0,3313140.0
20030518,2003,05,18,328530.0,3313170.0
20030518,2003,05,18,328560.0,3313170.0
20030518,2003,05,18,328560.0,3313200.0
20030518,2003,05,18,328560.0,3313230.0
20030518,2003,05,18,328590.0,3313230.0
20030518,2003,05,18,328590.0,3313260.0
20030518,2003,05,18,328620.0,3313260.0
20030518,2003,05,18,328620.0,3313290.0
20030518,2003,05,18,328620.0,3313320.0
20030518,2003,05,18,328650.0,3313320.0
20030518,2003,05,18,328650.0,3313350.0
20030518,2003,05,18,328650.0,3313380.0
20030518,2003,05,18,328680.0,3313380.0
20030518,2003,05,18,328680.0,3313410.0
20030518,2003,05,18,328680.0,3313440.0
20030518,2003,05,18,328710.0,3313440.0
20030518,2003,05,18,328710.0,3313470.0
20030518,2003,05,18,328740.0,3313470.0
20030518,2003,05,18,328740.0,3313500.0
20030518,2003,05,18,328770.0,3313530.0
20030518,2003,05,18,328800.0,3313530.0
20030518,2003,05,18,328830.0,3313530.0
20030518,2003,05,18,328860.0,3313530.0
20030518,2003,05,18,328890.0,3313500.0
20030518,2003,05,18,328920.0,3313500.0
20030518,2003,05,18,328920.0,3313470.0
20030518,2003,05,18,328920.0,3313440.0
20030518,2003,05,18,328950.0,3313410.0
20030518,2003,05,18,328950.0,3313380.0
20030518,2003,05,18,328950.0,3313350.0
20030518,2003,05,18,328950.0,3313320.0
20030518,2003,05,18,328950.0,3313290.0
20030518,2003,05,18,328950.0,3313260.0
20030518,2003,05,18,328980.0,3313230.0
20030518,2003,05,18,328980.0,3313200.0
20030518,2003,05,18,328980.0,3313170.0
20030518,2003,05,18,328980.0,3313140.0
20030518,2003,05,18,328980.0,3313110.0
20030518,2003,05,18,328980.0,3313080.0
20030518,2003,05,18,328980.0,3313050.0
20030518,2003,05,18,328980.0,3313020.0
20030518,2003,05,18,328980.0,3312990.0
20030518,2003,05,18,328980.0,3312960.0
20030518,2003,05,18,328980.0,3312930.0
20030518,2003,05,18,328980.0,3312900.0
20030518,2003,05,18,328980.0,3312870.0
20030518,2003,05,18,328980.0,3312840.0
20030518,2003,05,18,328980.0,3312810.0
20030518,2003,05,18,328950.0,3312780.0
20030518,2003,05,18,328950.0,3312750.0
20030518,2003,05,18,328950.0,3312720.0
20030518,2003,05,18,328950.0,3312690.0
20030518,2003,05,18,328950.0,3312660.0
20030518,2003,05,18,328950.0,3312630.0
20030518,2003,05,18,328950.0,3312600.0
20030518,2003,05,18,328950.0,3312570.0
20030518,2003,05,18,328950.0,3312540.0
20030518,2003,05,18,328980.0,3312540.0
20030518,2003,05,18,328980.0,3312510.0
20030518,2003,05,18,329010.0,3312510.0
20030518,2003,05,18,329040.0,3312510.0
20030518,2003,05,18,329070.0,3312510.0
20030518,2003,05,18,329100.0,3312510.0
20030518,2003,05,18,329100.0,3312540.0
20030518,2003,05,18,329130.0,3312540.0
20030518,2003,05,18,329160.0,3312540.0
20030518,2003,05,18,329160.0,3312570.0
20030518,2003,05,18,329190.0,3312570.0
20030518,2003,05,18,329190.0,3312600.0
20030518,2003,05,18,329220.0,3312600.0
20030518,2003,05,18,329220.0,3312630.0
20030518,2003,05,18,329250.0,3312630.0
20030518,2003,05,18,329250.0,3312660.0
20030518,2003,05,18,329250.0,3312690.0
20030518,2003,05,18,329280.0,3312690.0
20030518,2003,05,18,329280.0,3312720.0
20030518,2003,05,18,329310.0,3312720.0
20030518,2003,05,18,329310.0,3312750.0
20030518,2003,05,18,329310.0,3312780.0
20030518,2003,05,18,329340.0,3312780.0
20030518,2003,05,18,329340.0,3312810.0
20030518,2003,05,18,329340.0,3312840.0
20030518,2003,05,18,329370.0,3312840.0
20030518,2003,05,18,329370.0,3312870.0
20030518,2003,05,18,329370.0,3312900.0
20030518,2003,05,18,329400.0,3312900.0
20030518,2003,05,18,329400.0,3312930.0
20030518,2003,05,18,329430.0,3312930.0
20030518,2003,05,18,329430.0,3312960.0
20030518,2003,05,18,329460.0,3312960.0
20030518,2003,05,18,329460.0,3312990.0
20030518,2003,05,18,329490.0,3312990.0
20030518,2003,05,18,329520.0,3313020.0
20030518,2003,05,18,329550.0,3313020.0
20030518,2003,05,18,329580.0,3313020.0
20030518,2003,05,18,329610.0,3312990.0
20030518,2003,05,18,329640.0,3312990.0
20030518,2003,05,18,329670.0,3312990.0
20030518,2003,05,18,329700.0,3312990.0
20030518,2003,05,18,329700.0,3312960.0
20030518,2003,05,18,329730.0,3312960.0
20030518,2003,05,18,329730.0,3312930.0
20030518,2003,05,18,329760.0,3312930.0
20030518,2003,05,18,329790.0,3312930.0
20030518,2003,05,18,329790.0,3312900.0
20030518,2003,05,18,329820.0,3312900.0
20030518,2003,05,18,329820.0,3312870.0
20030518,2003,05,18,329850.0,3312870.0
20030518,2003,05,18,329850.0,3312840.0
20030518,2003,05,18,329850.0,3312810.0
20030518,2003,05,18,329880.0,3312810.0
20030518,2003,05,18,329880.0,3312780.0
20030518,2003,05,18,329880.0,3312750.0
20030518,2003,05,18,329910.0,3312720.0
20030518,2003,05,18,329880.0,3312690.0
20030518,2003,05,18,329880.0,3312660.0
20030518,2003,05,18,329880.0,3312630.0
20030518,2003,05,18,329880.0,3312600.0
20030518,2003,05,18,329850.0,3312570.0
20030518,2003,05,18,329850.0,3312540.0
20030518,2003,05,18,329850.0,3312510.0
20030518,2003,05,18,329820.0,3312480.0
20030518,2003,05,18,329820.0,3312450.0
20030518,2003,05,18,329820.0,3312420.0
20030518,2003,05,18,329790.0,3312390.0
20030518,2003,05,18,329790.0,3312360.0
20030518,2003,05,18,329790.0,3312330.0
20030518,2003,05,18,329760.0,3312330.0
20030518,2003,05,18,329760.0,3312300.0
20030518,2003,05,18,329730.0,3312300.0
20030518,2003,05,18,329730.0,3312270.0
20030518,2003,05,18,329700.0,3312270.0
20030518,2003,05,18,329700.0,3312240.0
20030518,2003,05,18,329670.0,3312240.0
20030518,2003,05,18,329670.0,3312210.0
20030518,2003,05,18,329640.0,3312210.0
20030518,2003,05,18,329640.0,3312180.0
20030518,2003,05,18,329640.0,3312150.0
20030518,2003,05,18,329610.0,3312150.0
20030518,2003,05,18,329610.0,3312120.0
20030518,2003,05,18,329580.0,3312120.0
20030518,2003,05,18,329580.0,3312090.0
20030518,2003,05,18,329580.0,3312060.0
20030518,2003,05,18,329550.0,3312030.0
20030518,2003,05,18,329550.0,3312000.0
20030518,2003,05,18,329550.0,3311970.0
20030518,2003,05,18,329520.0,3311940.0
20030518,2003,05,18,329520.0,3311910.0
20030518,2003,05,18,329520.0,3311880.0
20030518,2003,05,18,329490.0,3311880.0
20030518,2003,05,18,329490.0,3311850.0
20030518,2003,05,18,329490.0,3311820.0
20030518,2003,05,18,329460.0,3311820.0
20030518,2003,05,18,329460.0,3311790.0
20030518,2003,05,18,329430.0,3311790.0
20030518,2003,05,18,329430.0,3311760.0
20030518,2003,05,18,329400.0,3311760.0
20030518,2003,05,18,329400.0,3311730.0
20030518,2003,05,18,329370.0,3311730.0
20030518,2003,05,18,329340.0,3311700.0
20030518,2003,05,18,329310.0,3311700.0
20030518,2003,05,18,329280.0,3311700.0
20030518,2003,05,18,329250.0,3311670.0
20030518,2003,05,18,329220.0,3311670.0
20030518,2003,05,18,329190.0,3311670.0
20030518,2003,05,18,329160.0,3311640.0
20030518,2003,05,18,329160.0,3311610.0
20030518,2003,05,18,329160.0,3311580.0
20030518,2003,05,18,329160.0,3311550.0
20030518,2003,05,18,329190.0,3311520.0
20030518,2003,05,18,329220.0,3311520.0
20030518,2003,05,18,329220.0,3311490.0
20030518,2003,05,18,329250.0,3311490.0
20030518,2003,05,18,329250.0,3311460.0
20030518,2003,05,18,329280.0,3311460.0
20030518,2003,05,18,329310.0,3311460.0
20030518,2003,05,18,329310.0,3311430.0
20030518,2003,05,18,329340.0,3311430.0
20030518,2003,05,18,329370.0,3311430.0
20030518,2003,05,18,329370.0,3311400.0
20030518,2003,05,18,329400.0,3311400.0
20030518,2003,05,18,329400.0,3311370.0
20030518,2003,05,18,329430.0,3311370.0
20030518,2003,05,18,329430.0,3311340.0
20030518,2003,05,18,329460.0,3311340.0
20030518,2003,05,18,329460.0,3311310.0
20030518,2003,05,18,329490.0,3311310.0
20030518,2003,05,18,329490.0,3311280.0
20030518,2003,05,18,329520.0,3311280.0
20030518,2003,05,18,329520.0,3311250.0
20030518,2003,05,18,329520.0,3311220.0
20030518,2003,05,18,329550.0,3311220.0
20030518,2003,05,18,329550.0,3311190.0
20030518,2003,05,18,329550.0,3311160.0
20030518,2003,05,18,329580.0,3311160.0
20030518,2003,05,18,329580.0,3311130.0
20030518,2003,05,18,329580.0,3311100.0
20030518,2003,05,18,329610.0,3311100.0
20030518,2003,05,18,329610.0,3311070.0
20030518,2003,05,18,329610.0,3311040.0
20030518,2003,05,18,329610.0,3311010.0
20030518,2003,05,18,329640.0,3310980.0
20030518,2003,05,18,329640.0,3310950.0
20030518,2003,05,18,329640.0,3310920.0
20030518,2003,05,18,329640.0,3310890.0
20030518,2003,05,18,329640.0,3310860.0
20030518,2003,05,18,329640.0,3310830.0
20030518,2003,05,18,329640.0,3310800.0
20030518,2003,05,18,329640.0,3310770.0
20030518,2003,05,18,329640.0,3310740.0
20030518,2003,05,18,329640.0,3310710.0
20030518,2003,05,18,329640.0,3310680.0
20030518,2003,05,18,329640.0,3310650.0
20030518,2003,05,18,329640.0,3310620.0
20030518,2003,05,18,329670.0,3310620.0
20030518,2003,05,18,329670.0,3310590.0
20030518,2003,05,18,329670.0,3310560.0
20030518,2003,05,18,329700.0,3310560.0
20030518,2003,05,18,329700.0,3310530.0
20030518,2003,05,18,329730.0,3310530.0
20030518,2003,05,18,329730.0,3310500.0
20030518,2003,05,18,329760.0,3310500.0
20030518,2003,05,18,329790.0,3310500.0
20030518,2003,05,18,329820.0,3310470.0
20030518,2003,05,18,329850.0,3310470.0
20030518,2003,05,18,329880.0,3310500.0
20030518,2003,05,18,329910.0,3310500.0
20030518,2003,05,18,329940.0,3310500.0
20030518,2003,05,18,329970.0,3310500.0
20030518,2003,05,18,330000.0,3310500.0
20030518,2003,05,18,330030.0,3310530.0
20030518,2003,05,18,330060.0,3310530.0
20030518,2003,05,18,330090.0,3310530.0
20030518,2003,05,18,330120.0,3310530.0
20030518,2003,05,18,330150.0,3310560.0
20030518,2003,05,18,330180.0,3310560.0
20030518,2003,05,18,330210.0,3310560.0
20030518,2003,05,18,330240.0,3310560.0
20030518,2003,05,18,330270.0,3310590.0
20030518,2003,05,18,330300.0,3310590.0
20030518,2003,05,18,330330.0,3310590.0
20030518,2003,05,18,330330.0,3310620.0
20030518,2003,05,18,330360.0,3310620.0
20030518,2003,05,18,330390.0,3310620.0
20030518,2003,05,18,330390.0,3310650.0
20030518,2003,05,18,330420.0,3310650.0
20030518,2003,05,18,330420.0,3310680.0
20030518,2003,05,18,330450.0,3310680.0
20030518,2003,05,18,330480.0,3310680.0
20030518,2003,05,18,330480.0,3310710.0
20030518,2003,05,18,330510.0,3310710.0
20030518,2003,05,18,330510.0,3310740.0
20030518,2003,05,18,330540.0,3310740.0
20030518,2003,05,18,330570.0,3310740.0
20030518,2003,05,18,330570.0,3310770.0
20030518,2003,05,18,330600.0,3310770.0
20030518,2003,05,18,330630.0,3310770.0
20030518,2003,05,18,330660.0,3310800.0
20030518,2003,05,18,330690.0,3310800.0
20030518,2003,05,18,330720.0,3310770.0
20030518,2003,05,18,330750.0,3310770.0
20030518,2003,05,18,330750.0,3310740.0
20030518,2003,05,18,330780.0,3310740.0
20030518,2003,05,18,330780.0,3310710.0
20030518,2003,05,18,330780.0,3310680.0
20030518,2003,05,18,330780.0,3310650.0
20030518,2003,05,18,330780.0,3310620.0
20030518,2003,05,18,330780.0,3310590.0
20030518,2003,05,18,330780.0,3310560.0
20030518,2003,05,18,330780.0,3310530.0
20030518,2003,05,18,330780.0,3310500.0
20030518,2003,05,18,330750.0,3310500.0
20030518,2003,05,18,330750.0,3310470.0
20030518,2003,05,18,330720.0,3310470.0
20030518,2003,05,18,330720.0,3310440.0
20030518,2003,05,18,330720.0,3310410.0
20030518,2003,05,18,330690.0,3310410.0
20030518,2003,05,18,330690.0,3310380.0
20030518,2003,05,18,330690.0,3310350.0
20030518,2003,05,18,330660.0,3310350.0
20030518,2003,05,18,330660.0,3310320.0
20030518,2003,05,18,330630.0,3310320.0
20030518,2003,05,18,330630.0,3310290.0
20030518,2003,05,18,330600.0,3310290.0
20030518,2003,05,18,330570.0,3310290.0
20030518,2003,05,18,330570.0,3310260.0
20030518,2003,05,18,330540.0,3310260.0
20030518,2003,05,18,330540.0,3310230.0
20030518,2003,05,18,330510.0,3310230.0
20030518,2003,05,18,330480.0,3310230.0
20030518,2003,05,18,330480.0,3310200.0
20030518,2003,05,18,330450.0,3310200.0
20030518,2003,05,18,330420.0,3310200.0
20030518,2003,05,18,330420.0,3310170.0
20030518,2003,05,18,330390.0,3310170.0
20030518,2003,05,18,330390.0,3310140.0
20030518,2003,05,18,330360.0,3310140.0
20030518,2003,05,18,330330.0,3310140.0
20030518,2003,05,18,330330.0,3310110.0
20030518,2003,05,18,330300.0,3310110.0
20030518,2003,05,18,330270.0,3310110.0
20030518,2003,05,18,330270.0,3310080.0
20030518,2003,05,18,330240.0,3310080.0
20030518,2003,05,18,330210.0,3310080.0
20030518,2003,05,18,330180.0,3310050.0
20030518,2003,05,18,330150.0,3310050.0
20030518,2003,05,18,330120.0,3310050.0
20030518,2003,05,18,330090.0,3310050.0
20030518,2003,05,18,330060.0,3310050.0
20030518,2003,05,18,330030.0,3310050.0
20030518,2003,05,18,330000.0,3310050.0
20030518,2003,05,18,329970.0,3310050.0
20030518,2003,05,18,329940.0,3310020.0
20030518,2003,05,18,329910.0,3310020.0
20030518,2003,05,18,329880.0,3310020.0
20030518,2003,05,18,329850.0,3309990.0
20030518,2003,05,18,329820.0,3309990.0
20030518,2003,05,18,329790.0,3309990.0
20030518,2003,05,18,329760.0,3309990.0
20030518,2003,05,18,329730.0,3309990.0
20030518,2003,05,18,329700.0,3309990.0
20030518,2003,05,18,329670.0,3309990.0
20030518,2003,05,18,329640.0,3309990.0
20030518,2003,05,18,329610.0,3309990.0
20030518,2003,05,18,329580.0,3310020.0
20030518,2003,05,18,329550.0,3310020.0
20030518,2003,05,18,329520.0,3310020.0
20030518,2003,05,18,329520.0,3310050.0
20030518,2003,05,18,329490.0,3310050.0
20030518,2003,05,18,329490.0,3310080.0
20030518,2003,05,18,329460.0,3310080.0
20030518,2003,05,18,329460.0,3310110.0
20030518,2003,05,18,329430.0,3310110.0
20030518,2003,05,18,329430.0,3310140.0
20030518,2003,05,18,329430.0,3310170.0
20030518,2003,05,18,329400.0,3310200.0
20030518,2003,05,18,329400.0,3310230.0
20030518,2003,05,18,329400.0,3310260.0
20030518,2003,05,18,329400.0,3310290.0
20030518,2003,05,18,329370.0,3310290.0
20030518,2003,05,18,329370.0,3310320.0
20030518,2003,05,18,329370.0,3310350.0
20030518,2003,05,18,329340.0,3310350.0
20030518,2003,05,18,329340.0,3310380.0
20030518,2003,05,18,329310.0,3310380.0
20030518,2003,05,18,329280.0,3310380.0
20030518,2003,05,18,329250.0,3310380.0
20030518,2003,05,18,329250.0,3310350.0
20030518,2003,05,18,329220.0,3310350.0
20030518,2003,05,18,329190.0,3310350.0
20030518,2003,05,18,329190.0,3310320.0
20030518,2003,05,18,329190.0,3310290.0
20030518,2003,05,18,329160.0,3310290.0
20030518,2003,05,18,329160.0,3310260.0
20030518,2003,05,18,329130.0,3310230.0
20030518,2003,05,18,329130.0,3310200.0
20030518,2003,05,18,329130.0,3310170.0
20030518,2003,05,18,329130.0,3310140.0
20030518,2003,05,18,329130.0,3310110.0
20030518,2003,05,18,329130.0,3310080.0
20030518,2003,05,18,329130.0,3310050.0
20030518,2003,05,18,329130.0,3310020.0
20030518,2003,05,18,329160.0,3309990.0
20030518,2003,05,18,329160.0,3309960.0
20030518,2003,05,18,329160.0,3309930.0
20030518,2003,05,18,329190.0,3309930.0
20030518,2003,05,18,329190.0,3309900.0
20030518,2003,05,18,329190.0,3309870.0
20030518,2003,05,18,329220.0,3309870.0
20030518,2003,05,18,329220.0,3309840.0
20030518,2003,05,18,329220.0,3309810.0
20030518,2003,05,18,329250.0,3309810.0
20030518,2003,05,18,329250.0,3309780.0
20030518,2003,05,18,329280.0,3309780.0
20030518,2003,05,18,329280.0,3309750.0
20030518,2003,05,18,329310.0,3309750.0
20030518,2003,05,18,329310.0,3309720.0
20030518,2003,05,18,329340.0,3309720.0
20030518,2003,05,18,329340.0,3309690.0
20030518,2003,05,18,329370.0,3309690.0
20030518,2003,05,18,329370.0,3309660.0
20030518,2003,05,18,329400.0,3309660.0
20030518,2003,05,18,329400.0,3309630.0
20030518,2003,05,18,329430.0,3309630.0
20030518,2003,05,18,329460.0,3309630.0
20030518,2003,05,18,329460.0,3309600.0
20030518,2003,05,18,329490.0,3309600.0
20030518,2003,05,18,329520.0,3309600.0
20030518,2003,05,18,329550.0,3309600.0
20030518,2003,05,18,329580.0,3309600.0
20030518,2003,05,18,329610.0,3309600.0
20030518,2003,05,18,329640.0,3309600.0
20030518,2003,05,18,329670.0,3309600.0
20030518,2003,05,18,329700.0,3309600.0
20030518,2003,05,18,329700.0,3309630.0
20030518,2003,05,18,329730.0,3309630.0
20030518,2003,05,18,329760.0,3309630.0
20030518,2003,05,18,329760.0,3309660.0
20030518,2003,05,18,329790.0,3309660.0
20030518,2003,05,18,329790.0,3309690.0
20030518,2003,05,18,329820.0,3309690.0
20030518,2003,05,18,329820.0,3309720.0
20030518,2003,05,18,329850.0,3309720.0
20030518,2003,05,18,329850.0,3309750.0
20030518,2003,05,18,329880.0,3309750.0
20030518,2003,05,18,329880.0,3309780.0
20030518,2003,05,18,329910.0,3309780.0
20030518,2003,05,18,329940.0,3309780.0
20030518,2003,05,18,329970.0,3309780.0
20030518,2003,05,18,330000.0,3309780.0
20030518,2003,05,18,330030.0,3309780.0
20030518,2003,05,18,330060.0,3309780.0
20030518,2003,05,18,330090.0,3309780.0
20030518,2003,05,18,330090.0,3309750.0
20030518,2003,05,18,330120.0,3309750.0
20030518,2003,05,18,330150.0,3309750.0
20030518,2003,05,18,330150.0,3309720.0
20030518,2003,05,18,330180.0,3309720.0
20030518,2003,05,18,330180.0,3309690.0
20030518,2003,05,18,330210.0,3309690.0
20030518,2003,05,18,330210.0,3309660.0
20030518,2003,05,18,330240.0,3309660.0
20030518,2003,05,18,330270.0,3309660.0
20030518,2003,05,18,330270.0,3309630.0
20030518,2003,05,18,330300.0,3309630.0
20030518,2003,05,18,330330.0,3309630.0
20030518,2003,05,18,330360.0,3309630.0
20030518,2003,05,18,330390.0,3309600.0
20030518,2003,05,18,330420.0,3309600.0
20030518,2003,05,18,330450.0,3309600.0
20030518,2003,05,18,330480.0,3309600.0
20030518,2003,05,18,330510.0,3309600.0
20030518,2003,05,18,330540.0,3309600.0
20030518,2003,05,18,330570.0,3309600.0
20030518,2003,05,18,330600.0,3309600.0
20030518,2003,05,18,330630.0,3309630.0
20030518,2003,05,18,330660.0,3309630.0
20030518,2003,05,18,330690.0,3309630.0
20030518,2003,05,18,330720.0,3309630.0
20030518,2003,05,18,330720.0,3309660.0
20030518,2003,05,18,330750.0,3309660.0
20030518,2003,05,18,330780.0,3309660.0
20030518,2003,05,18,330780.0,3309690.0
20030518,2003,05,18,330810.0,3309690.0
20030518,2003,05,18,330810.0,3309720.0
20030518,2003,05,18,330840.0,3309720.0
20030518,2003,05,18,330840.0,3309750.0
20030518,2003,05,18,330870.0,3309750.0
20030518,2003,05,18,330900.0,3309750.0
20030518,2003,05,18,330900.0,3309780.0
20030518,2003,05,18,330930.0,3309780.0
20030518,2003,05,18,330930.0,3309810.0
20030518,2003,05,18,330930.0,3309840.0
20030518,2003,05,18,330960.0,3309840.0
20030518,2003,05,18,330960.0,3309870.0
20030518,2003,05,18,330990.0,3309870.0
20030518,2003,05,18,330990.0,3309900.0
20030518,2003,05,18,331020.0,3309900.0
20030518,2003,05,18,331020.0,3309930.0
20030518,2003,05,18,331050.0,3309930.0
20030518,2003,05,18,331050.0,3309960.0
20030518,2003,05,18,331080.0,3309960.0
20030518,2003,05,18,331080.0,3309990.0
20030518,2003,05,18,331110.0,3309990.0
20030518,2003,05,18,331140.0,3310020.0
20030518,2003,05,18,331170.0,3310020.0
20030518,2003,05,18,331200.0,3310020.0
20030518,2003,05,18,331230.0,3310020.0
20030518,2003,05,18,331260.0,3310020.0
20030518,2003,05,18,331290.0,3310020.0
20030518,2003,05,18,331320.0,3310020.0
20030518,2003,05,18,331350.0,3309990.0
20030518,2003,05,18,331380.0,3309990.0
20030518,2003,05,18,331380.0,3309960.0
20030518,2003,05,18,331410.0,3309960.0
20030518,2003,05,18,331410.0,3309930.0
20030518,2003,05,18,331440.0,3309930.0
20030518,2003,05,18,331440.0,3309900.0
20030518,2003,05,18,331470.0,3309900.0
20030518,2003,05,18,331470.0,3309870.0
20030518,2003,05,18,331470.0,3309840.0
20030518,2003,05,18,331500.0,3309840.0
20030518,2003,05,18,331500.0,3309810.0
20030518,2003,05,18,331530.0,3309780.0
20030518,2003,05,18,331530.0,3309750.0
20030518,2003,05,18,331530.0,3309720.0
20030518,2003,05,18,331530.0,3309690.0
20030518,2003,05,18,331530.0,3309660.0
20030518,2003,05,18,331530.0,3309630.0
20030518,2003,05,18,331530.0,3309600.0
20030518,2003,05,18,331530.0,3309570.0
20030518,2003,05,18,331530.0,3309540.0
20030518,2003,05,18,331530.0,3309510.0
20030518,2003,05,18,331530.0,3309480.0
20030518,2003,05,18,331530.0,3309450.0
20030518,2003,05,18,331530.0,3309420.0
20030518,2003,05,18,331530.0,3309390.0
20030518,2003,05,18,331530.0,3309360.0
20030518,2003,05,18,331500.0,3309330.0
20030518,2003,05,18,331500.0,3309300.0
20030518,2003,05,18,331500.0,3309270.0
20030518,2003,05,18,331500.0,3309240.0
20030518,2003,05,18,331500.0,3309210.0
20030518,2003,05,18,331500.0,3309180.0
20030518,2003,05,18,331500.0,3309150.0
20030518,2003,05,18,331500.0,3309120.0
20030518,2003,05,18,331500.0,3309090.0
20030518,2003,05,18,331500.0,3309060.0
20030518,2003,05,18,331500.0,3309030.0
20030518,2003,05,18,331500.0,3309000.0
20030518,2003,05,18,331500.0,3308970.0
20030518,2003,05,18,331470.0,3308940.0
20030518,2003,05,18,331470.0,3308910.0
20030518,2003,05,18,331470.0,3308880.0
20030518,2003,05,18,331470.0,3308850.0
20030518,2003,05,18,331470.0,3308820.0
20030518,2003,05,18,331470.0,3308790.0
20030518,2003,05,18,331440.0,3308760.0
20030518,2003,05,18,331440.0,3308730.0
20030518,2003,05,18,331440.0,3308700.0
20030518,2003,05,18,331410.0,3308670.0
20030518,2003,05,18,331410.0,3308640.0
20030518,2003,05,18,331410.0,3308610.0
20030518,2003,05,18,331380.0,3308610.0
20030518,2003,05,18,331380.0,3308580.0
20030518,2003,05,18,331380.0,3308550.0
20030518,2003,05,18,331350.0,3308550.0
20030518,2003,05,18,331350.0,3308520.0
20030518,2003,05,18,331350.0,3308490.0
20030518,2003,05,18,331320.0,3308490.0
20030518,2003,05,18,331320.0,3308460.0
20030518,2003,05,18,331290.0,3308460.0
20030518,2003,05,18,331290.0,3308430.0
20030518,2003,05,18,331290.0,3308400.0
20030518,2003,05,18,331260.0,3308400.0
20030518,2003,05,18,331260.0,3308370.0
20030518,2003,05,18,331260.0,3308340.0
20030518,2003,05,18,331230.0,3308340.0
20030518,2003,05,18,331230.0,3308310.0
20030518,2003,05,18,331230.0,3308280.0
20030518,2003,05,18,331200.0,3308280.0
20030518,2003,05,18,331200.0,3308250.0
20030518,2003,05,18,331200.0,3308220.0
20030518,2003,05,18,331170.0,3308220.0
20030518,2003,05,18,331170.0,3308190.0
20030518,2003,05,18,331170.0,3308160.0
20030518,2003,05,18,331140.0,3308130.0
20030518,2003,05,18,331140.0,3308100.0
20030518,2003,05,18,331140.0,3308070.0
20030518,2003,05,18,331140.0,3308040.0
20030518,2003,05,18,331140.0,3308010.0
20030518,2003,05,18,331140.0,3307980.0
20030518,2003,05,18,331140.0,3307950.0
20030518,2003,05,18,331170.0,3307920.0
20030518,2003,05,18,331170.0,3307890.0
20030518,2003,05,18,331170.0,3307860.0
20030518,2003,05,18,331200.0,3307860.0
20030518,2003,05,18,331200.0,3307830.0
20030518,2003,05,18,331230.0,3307830.0
20030518,2003,05,18,331230.0,3307800.0
20030518,2003,05,18,331260.0,3307800.0
20030518,2003,05,18,331290.0,3307800.0
20030518,2003,05,18,331320.0,3307770.0
20030518,2003,05,18,331350.0,3307770.0
20030518,2003,05,18,331380.0,3307770.0
20030518,2003,05,18,331410.0,3307770.0
20030518,2003,05,18,331440.0,3307770.0
20030518,2003,05,18,331470.0,3307800.0
20030518,2003,05,18,331500.0,3307800.0
20030518,2003,05,18,331500.0,3307830.0
20030518,2003,05,18,331530.0,3307830.0
20030518,2003,05,18,331560.0,3307830.0
20030518,2003,05,18,331560.0,3307860.0
20030518,2003,05,18,331590.0,3307860.0
20030518,2003,05,18,331590.0,3307890.0
20030518,2003,05,18,331620.0,3307890.0
20030518,2003,05,18,331620.0,3307920.0
20030518,2003,05,18,331620.0,3307950.0
20030518,2003,05,18,331650.0,3307950.0
20030518,2003,05,18,331650.0,3307980.0
20030518,2003,05,18,331680.0,3307980.0
20030518,2003,05,18,331680.0,3308010.0
20030518,2003,05,18,331710.0,3308010.0
20030518,2003,05,18,331710.0,3308040.0
20030518,2003,05,18,331740.0,3308040.0
20030518,2003,05,18,331740.0,3308070.0
20030518,2003,05,18,331740.0,3308100.0
20030518,2003,05,18,331770.0,3308100.0
20030518,2003,05,18,331770.0,3308130.0
20030518,2003,05,18,331800.0,3308130.0
20030518,2003,05,18,331800.0,3308160.0
20030518,2003,05,18,331830.0,3308160.0
20030518,2003,05,18,331860.0,3308160.0
20030518,2003,05,18,331890.0,3308160.0
20030518,2003,05,18,331920.0,3308160.0
20030518,2003,05,18,331950.0,3308160.0
20030518,2003,05,18,331980.0,3308160.0
20030518,2003,05,18,331980.0,3308130.0
20030518,2003,05,18,332010.0,3308130.0
20030518,2003,05,18,332010.0,3308100.0
20030518,2003,05,18,332040.0,3308100.0
20030518,2003,05,18,332040.0,3308070.0
20030518,2003,05,18,332070.0,3308070.0
20030518,2003,05,18,332070.0,3308040.0
20030518,2003,05,18,332100.0,3308040.0
20030518,2003,05,18,332100.0,3308010.0
20030518,2003,05,18,332100.0,3307980.0
20030518,2003,05,18,332130.0,3307980.0
20030518,2003,05,18,332130.0,3307950.0
20030518,2003,05,18,332130.0,3307920.0
20030518,2003,05,18,332160.0,3307890.0
20030518,2003,05,18,332160.0,3307860.0
20030518,2003,05,18,332160.0,3307830.0
20030518,2003,05,18,332160.0,3307800.0
20030518,2003,05,18,332160.0,3307770.0
20030518,2003,05,18,332160.0,3307740.0
20030518,2003,05,18,332160.0,3307710.0
20030518,2003,05,18,332160.0,3307680.0
20030518,2003,05,18,332130.0,3307650.0
20030518,2003,05,18,332130.0,3307620.0
20030518,2003,05,18,332130.0,3307590.0
20030518,2003,05,18,332100.0,3307560.0
20030518,2003,05,18,332100.0,3307530.0
20030518,2003,05,18,332100.0,3307500.0
20030518,2003,05,18,332070.0,3307470.0
20030518,2003,05,18,332070.0,3307440.0
20030518,2003,05,18,332040.0,3307410.0
20030518,2003,05,18,332040.0,3307380.0
20030518,2003,05,18,332040.0,3307350.0
20030518,2003,05,18,332040.0,3307320.0
20030518,2003,05,18,332010.0,3307290.0
20030518,2003,05,18,332010.0,3307260.0
20030518,2003,05,18,332010.0,3307230.0
20030518,2003,05,18,332010.0,3307200.0
20030518,2003,05,18,331980.0,3307170.0
20030518,2003,05,18,331980.0,3307140.0
20030518,2003,05,18,331950.0,3307140.0
20030518,2003,05,18,331950.0,3307110.0
20030518,2003,05,18,331950.0,3307080.0
20030518,2003,05,18,331920.0,3307080.0
20030518,2003,05,18,331920.0,3307050.0
20030518,2003,05,18,331920.0,3307020.0
20030518,2003,05,18,331890.0,3307020.0
20030518,2003,05,18,331890.0,3306990.0
20030518,2003,05,18,331860.0,3306990.0
20030518,2003,05,18,331860.0,3306960.0
20030518,2003,05,18,331860.0,3306930.0
20030518,2003,05,18,331830.0,3306930.0
20030518,2003,05,18,331830.0,3306900.0
20030518,2003,05,18,331800.0,3306900.0
20030518,2003,05,18,331800.0,3306870.0
20030518,2003,05,18,331770.0,3306870.0
20030518,2003,05,18,331770.0,3306840.0
20030518,2003,05,18,331740.0,3306840.0
20030518,2003,05,18,331740.0,3306810.0
20030518,2003,05,18,331740.0,3306780.0
20030518,2003,05,18,331710.0,3306780.0
20030518,2003,05,18,331710.0,3306750.0
20030518,2003,05,18,331680.0,3306750.0
20030518,2003,05,18,331680.0,3306720.0
20030518,2003,05,18,331650.0,3306720.0
20030518,2003,05,18,331650.0,3306690.0
20030518,2003,05,18,331650.0,3306660.0
20030518,2003,05,18,331620.0,3306660.0
20030518,2003,05,18,331620.0,3306630.0
20030518,2003,05,18,331620.0,3306600.0
20030518,2003,05,18,331590.0,3306600.0
20030518,2003,05,18,331590.0,3306570.0
20030518,2003,05,18,331560.0,3306570.0
20030518,2003,05,18,331560.0,3306540.0
20030518,2003,05,18,331560.0,3306510.0
20030518,2003,05,18,331560.0,3306480.0
20030518,2003,05,18,331530.0,3306450.0
20030518,2003,05,18,331530.0,3306420.0
20030518,2003,05,18,331530.0,3306390.0
20030518,2003,05,18,331530.0,3306360.0
20030518,2003,05,18,331530.0,3306330.0
20030518,2003,05,18,331530.0,3306300.0
20030518,2003,05,18,331530.0,3306270.0
20030518,2003,05,18,331530.0,3306240.0
20030518,2003,05,18,331560.0,3306210.0
20030518,2003,05,18,331560.0,3306180.0
20030518,2003,05,18,331560.0,3306150.0
20030518,2003,05,18,331590.0,3306120.0
20030518,2003,05,18,331590.0,3306090.0
20030518,2003,05,18,331590.0,3306060.0
20030518,2003,05,18,331590.0,3306030.0
20030518,2003,05,18,331620.0,3306000.0
20030518,2003,05,18,331620.0,3305970.0
20030518,2003,05,18,331620.0,3305940.0
20030518,2003,05,18,331620.0,3305910.0
20030518,2003,05,18,331620.0,3305880.0
20030518,2003,05,18,331620.0,3305850.0
20030518,2003,05,18,331650.0,3305820.0
20030518,2003,05,18,331650.0,3305790.0
20030518,2003,05,18,331650.0,3305760.0
20030518,2003,05,18,331650.0,3305730.0
20030518,2003,05,18,331650.0,3305700.0
20030518,2003,05,18,331650.0,3305670.0
20030518,2003,05,18,331650.0,3305640.0
20030518,2003,05,18,331650.0,3305610.0
20030518,2003,05,18,331650.0,3305580.0
20030518,2003,05,18,331650.0,3305550.0
20030518,2003,05,18,331650.0,3305520.0
20030518,2003,05,18,331650.0,3305490.0
20030518,2003,05,18,331650.0,3305460.0
20030518,2003,05,18,331650.0,3305430.0
20030518,2003,05,18,331650.0,3305400.0
20030518,2003,05,18,331650.0,3305370.0
20030518,2003,05,18,331680.0,3305340.0
20030518,2003,05,18,331680.0,3305310.0
20030518,2003,05,18,331680.0,3305280.0
20030518,2003,05,18,331680.0,3305250.0
20030518,2003,05,18,331680.0,3305220.0
20030518,2003,05,18,331680.0,3305190.0
20030518,2003,05,18,331650.0,3305160.0
20030518,2003,05,18,331650.0,3305130.0
20030518,2003,05,18,331650.0,3305100.0
20030518,2003,05,18,331650.0,3305070.0
20030518,2003,05,18,331650.0,3305040.0
20030518,2003,05,18,331620.0,3305010.0
20030518,2003,05,18,331620.0,3304980.0
20030518,2003,05,18,331590.0,3304980.0
20030518,2003,05,18,331590.0,3304950.0
20030518,2003,05,18,331590.0,3304920.0
20030518,2003,05,18,331560.0,3304890.0
20030518,2003,05,18,331560.0,3304860.0
20030518,2003,05,18,331560.0,3304830.0
20030518,2003,05,18,331530.0,3304800.0
20030518,2003,05,18,331530.0,3304770.0
20030518,2003,05,18,331530.0,3304740.0
20030518,2003,05,18,331500.0,3304710.0
20030518,2003,05,18,331500.0,3304680.0
20030518,2003,05,18,331500.0,3304650.0
20030518,2003,05,18,331470.0,3304620.0
20030518,2003,05,18,331470.0,3304590.0
20030518,2003,05,18,331470.0,3304560.0
20030518,2003,05,18,331440.0,3304560.0
20030518,2003,05,18,331440.0,3304530.0
20030518,2003,05,18,331440.0,3304500.0
20030518,2003,05,18,331410.0,3304500.0
20030518,2003,05,18,331410.0,3304470.0
20030518,2003,05,18,331380.0,3304470.0
20030518,2003,05,18,331380.0,3304440.0
20030518,2003,05,18,331380.0,3304410.0
20030518,2003,05,18,331350.0,3304410.0
20030518,2003,05,18,331350.0,3304380.0
20030518,2003,05,18,331350.0,3304350.0
20030518,2003,05,18,331320.0,3304350.0
20030518,2003,05,18,331320.0,3304320.0
20030518,2003,05,18,331290.0,3304320.0
20030518,2003,05,18,331290.0,3304290.0
20030518,2003,05,18,331290.0,3304260.0
20030518,2003,05,18,331260.0,3304260.0
20030518,2003,05,18,331260.0,3304230.0
20030518,2003,05,18,331230.0,3304230.0
20030518,2003,05,18,331230.0,3304200.0
20030518,2003,05,18,331230.0,3304170.0
20030518,2003,05,18,331200.0,3304170.0
20030518,2003,05,18,331200.0,3304140.0
20030518,2003,05,18,331170.0,3304140.0
20030518,2003,05,18,331170.0,3304110.0
20030518,2003,05,18,331170.0,3304080.0
20030518,2003,05,18,331140.0,3304080.0
20030518,2003,05,18,331140.0,3304050.0
20030518,2003,05,18,331140.0,3304020.0
20030518,2003,05,18,331110.0,3304020.0
20030518,2003,05,18,331110.0,3303990.0
20030518,2003,05,18,331110.0,3303960.0
20030518,2003,05,18,331080.0,3303930.0
20030518,2003,05,18,331080.0,3303900.0
20030518,2003,05,18,331080.0,3303870.0
20030518,2003,05,18,331080.0,3303840.0
20030518,2003,05,18,331080.0,3303810.0
20030518,2003,05,18,331080.0,3303780.0
20030518,2003,05,18,331080.0,3303750.0
20030518,2003,05,18,331080.0,3303720.0
20030518,2003,05,18,331080.0,3303690.0
20030518,2003,05,18,331080.0,3303660.0
20030518,2003,05,18,331080.0,3303630.0
20030518,2003,05,18,331110.0,3303630.0
20030518,2003,05,18,331110.0,3303600.0
20030518,2003,05,18,331110.0,3303570.0
20030518,2003,05,18,331110.0,3303540.0
20030518,2003,05,18,331140.0,3303510.0
20030518,2003,05,18,331140.0,3303480.0
20030518,2003,05,18,331140.0,3303450.0
20030518,2003,05,18,331140.0,3303420.0
20030518,2003,05,18,331140.0,3303390.0
20030518,2003,05,18,331140.0,3303360.0
20030518,2003,05,18,331140.0,3303330.0
20030518,2003,05,18,331140.0,3303300.0
20030518,2003,05,18,331140.0,3303270.0
20030518,2003,05,18,331140.0,3303240.0
20030518,2003,05,18,331140.0,3303210.0
20030518,2003,05,18,331140.0,3303180.0
20030518,2003,05,18,331110.0,3303150.0
20030518,2003,05,18,331110.0,3303120.0
20030518,2003,05,18,331080.0,3303120.0
20030518,2003,05,18,331080.0,3303090.0
20030518,2003,05,18,331080.0,3303060.0
20030518,2003,05,18,331050.0,3303060.0
20030518,2003,05,18,331050.0,3303030.0
20030518,2003,05,18,331020.0,3303030.0
20030518,2003,05,18,330990.0,3303030.0
20030518,2003,05,18,330990.0,3303000.0
20030518,2003,05,18,330960.0,3303000.0
20030518,2003,05,18,330960.0,3302970.0
20030518,2003,05,18,330930.0,3302970.0
20030518,2003,05,18,330900.0,3302970.0
20030518,2003,05,18,330900.0,3302940.0
20030518,2003,05,18,330870.0,3302940.0
20030518,2003,05,18,330870.0,3302910.0
20030518,2003,05,18,330840.0,3302910.0
20030518,2003,05,18,330810.0,3302910.0
20030518,2003,05,18,330780.0,3302910.0
20030518,2003,05,18,330780.0,3302880.0
20030518,2003,05,18,330750.0,3302880.0
20030518,2003,05,18,330720.0,3302880.0
20030518,2003,05,18,330690.0,3302850.0
20030518,2003,05,18,330660.0,3302850.0
20030518,2003,05,18,330630.0,3302850.0
20030518,2003,05,18,330600.0,3302820.0
20030518,2003,05,18,330570.0,3302820.0
20030518,2003,05,18,330540.0,3302820.0
20030518,2003,05,18,330540.0,3302790.0
20030518,2003,05,18,330510.0,3302790.0
20030518,2003,05,18,330480.0,3302790.0
20030518,2003,05,18,330480.0,3302760.0
20030518,2003,05,18,330450.0,3302760.0
20030518,2003,05,18,330420.0,3302760.0
20030518,2003,05,18,330420.0,3302730.0
20030518,2003,05,18,330390.0,3302730.0
20030518,2003,05,18,330360.0,3302730.0
20030518,2003,05,18,330360.0,3302700.0
20030518,2003,05,18,330330.0,3302700.0
20030518,2003,05,18,330300.0,3302700.0
20030518,2003,05,18,330300.0,3302670.0
20030518,2003,05,18,330270.0,3302670.0
20030518,2003,05,18,330240.0,3302670.0
20030518,2003,05,18,330240.0,3302640.0
20030518,2003,05,18,330210.0,3302640.0
20030518,2003,05,18,330180.0,3302640.0
20030518,2003,05,18,330180.0,3302610.0
20030518,2003,05,18,330150.0,3302610.0
20030518,2003,05,18,330150.0,3302580.0
20030518,2003,05,18,330120.0,3302580.0
20030518,2003,05,18,330090.0,3302580.0
20030518,2003,05,18,330090.0,3302550.0
20030518,2003,05,18,330060.0,3302550.0
20030518,2003,05,18,330060.0,3302520.0
20030518,2003,05,18,330030.0,3302520.0
20030518,2003,05,18,330000.0,3302520.0
20030518,2003,05,18,330000.0,3302490.0
20030518,2003,05,18,329970.0,3302490.0
20030518,2003,05,18,329970.0,3302460.0
20030518,2003,05,18,329940.0,3302460.0
20030518,2003,05,18,329940.0,3302430.0
20030518,2003,05,18,329910.0,3302430.0
20030518,2003,05,18,329910.0,3302400.0
20030518,2003,05,18,329880.0,3302400.0
20030518,2003,05,18,329880.0,3302370.0
20030518,2003,05,18,329850.0,3302370.0
20030518,2003,05,18,329850.0,3302340.0
20030518,2003,05,18,329820.0,3302340.0
20030518,2003,05,18,329820.0,3302310.0
20030518,2003,05,18,329790.0,3302310.0
20030518,2003,05,18,329790.0,3302280.0
20030518,2003,05,18,329760.0,3302280.0
20030518,2003,05,18,329760.0,3302250.0
20030518,2003,05,18,329730.0,3302250.0
20030518,2003,05,18,329730.0,3302220.0
20030518,2003,05,18,329700.0,3302220.0
20030518,2003,05,18,329700.0,3302190.0
20030518,2003,05,18,329700.0,3302160.0
20030518,2003,05,18,329670.0,3302160.0
20030518,2003,05,18,329670.0,3302130.0
20030518,2003,05,18,329670.0,3302100.0
20030518,2003,05,18,329640.0,3302100.0
20030518,2003,05,18,329640.0,3302070.0
20030518,2003,05,18,329640.0,3302040.0
20030518,2003,05,18,329640.0,3302010.0
20030518,2003,05,18,329610.0,3302010.0
20030518,2003,05,18,329610.0,3301980.0
20030518,2003,05,18,329610.0,3301950.0
20030518,2003,05,18,329610.0,3301920.0
20030518,2003,05,18,329610.0,3301890.0
20030518,2003,05,18,329610.0,3301860.0
20030518,2003,05,18,329610.0,3301830.0
20030518,2003,05,18,329640.0,3301800.0
20030518,2003,05,18,329640.0,3301770.0
20030518,2003,05,18,329640.0,3301740.0
20030518,2003,05,18,329640.0,3301710.0
20030518,2003,05,18,329670.0,3301710.0
20030518,2003,05,18,329670.0,3301680.0
20030518,2003,05,18,329670.0,3301650.0
20030518,2003,05,18,329700.0,3301650.0
20030518,2003,05,18,329700.0,3301620.0
20030518,2003,05,18,329700.0,3301590.0
20030518,2003,05,18,329730.0,3301590.0
20030518,2003,05,18,329730.0,3301560.0
20030518,2003,05,18,329760.0,3301560.0
20030518,2003,05,18,329760.0,3301530.0
20030518,2003,05,18,329790.0,3301530.0
20030518,2003,05,18,329790.0,3301500.0
20030518,2003,05,18,329820.0,3301500.0
20030518,2003,05,18,329820.0,3301470.0
20030518,2003,05,18,329850.0,3301470.0
20030518,2003,05,18,329850.0,3301440.0
20030518,2003,05,18,329880.0,3301440.0
20030518,2003,05,18,329880.0,3301410.0
20030518,2003,05,18,329910.0,3301410.0
20030518,2003,05,18,329910.0,3301380.0
20030518,2003,05,18,329940.0,3301380.0
20030518,2003,05,18,329940.0,3301350.0
20030518,2003,05,18,329970.0,3301350.0
20030518,2003,05,18,329970.0,3301320.0
20030518,2003,05,18,330000.0,3301320.0
20030518,2003,05,18,330030.0,3301320.0
20030518,2003,05,18,330030.0,3301290.0
20030518,2003,05,18,330060.0,3301290.0
20030518,2003,05,18,330060.0,3301260.0
20030518,2003,05,18,330090.0,3301260.0
20030518,2003,05,18,330120.0,3301260.0
20030518,2003,05,18,330150.0,3301230.0
20030518,2003,05,18,330180.0,3301230.0
20030518,2003,05,18,330210.0,3301230.0
20030518,2003,05,18,330240.0,3301230.0
20030518,2003,05,18,330270.0,3301230.0
20030518,2003,05,18,330300.0,3301230.0
20030518,2003,05,18,330330.0,3301230.0
20030518,2003,05,18,330360.0,3301230.0
20030518,2003,05,18,330390.0,3301260.0
20030518,2003,05,18,330420.0,3301260.0
20030518,2003,05,18,330420.0,3301290.0
20030518,2003,05,18,330450.0,3301290.0
20030518,2003,05,18,330450.0,3301320.0
20030518,2003,05,18,330450.0,3301350.0
20030518,2003,05,18,330480.0,3301350.0
20030518,2003,05,18,330480.0,3301380.0
20030518,2003,05,18,330480.0,3301410.0
20030518,2003,05,18,330510.0,3301440.0
20030518,2003,05,18,330510.0,3301470.0
20030518,2003,05,18,330510.0,3301500.0
20030518,2003,05,18,330540.0,3301500.0
20030518,2003,05,18,330540.0,3301530.0
20030518,2003,05,18,330570.0,3301530.0
20030518,2003,05,18,330570.0,3301560.0
20030518,2003,05,18,330570.0,3301590.0
20030518,2003,05,18,330600.0,3301590.0
20030518,2003,05,18,330600.0,3301620.0
20030518,2003,05,18,330630.0,3301620.0
20030518,2003,05,18,330630.0,3301650.0
20030518,2003,05,18,330660.0,3301650.0
20030518,2003,05,18,330660.0,3301680.0
20030518,2003,05,18,330690.0,3301680.0
20030518,2003,05,18,330690.0,3301710.0
20030518,2003,05,18,330720.0,3301710.0
20030518,2003,05,18,330720.0,3301740.0
20030518,2003,05,18,330750.0,3301740.0
20030518,2003,05,18,330750.0,3301770.0
20030518,2003,05,18,330780.0,3301770.0
20030518,2003,05,18,330810.0,3301770.0
20030518,2003,05,18,330810.0,3301800.0
20030518,2003,05,18,330840.0,3301800.0
20030518,2003,05,18,330840.0,3301830.0
20030518,2003,05,18,330870.0,3301830.0
20030518,2003,05,18,330900.0,3301830.0
20030518,2003,05,18,330930.0,3301830.0
20030518,2003,05,18,330960.0,3301860.0
20030518,2003,05,18,330990.0,3301860.0
20030518,2003,05,18,331020.0,3301860.0
20030518,2003,05,18,331050.0,3301860.0
20030518,2003,05,18,331080.0,3301860.0
20030518,2003,05,18,331110.0,3301860.0
20030518,2003,05,18,331140.0,3301860.0
20030518,2003,05,18,331170.0,3301860.0
20030518,2003,05,18,331200.0,3301860.0
20030518,2003,05,18,331230.0,3301830.0
20030518,2003,05,18,331260.0,3301830.0
20030518,2003,05,18,331290.0,3301830.0
20030518,2003,05,18,331290.0,3301800.0
20030518,2003,05,18,331320.0,3301800.0
20030518,2003,05,18,331320.0,3301770.0
20030518,2003,05,18,331350.0,3301770.0
20030518,2003,05,18,331380.0,3301770.0
20030518,2003,05,18,331380.0,3301740.0
20030518,2003,05,18,331410.0,3301740.0
20030518,2003,05,18,331410.0,3301710.0
20030518,2003,05,18,331440.0,3301710.0
20030518,2003,05,18,331440.0,3301680.0
20030518,2003,05,18,331470.0,3301680.0
20030518,2003,05,18,331500.0,3301680.0
20030518,2003,05,18,331500.0,3301650.0
20030518,2003,05,18,331530.0,3301650.0
20030518,2003,05,18,331530.0,3301620.0
20030518,2003,05,18,331560.0,3301620.0
20030518,2003,05,18,331560.0,3301590.0
20030518,2003,05,18,331590.0,3301590.0
20030518,2003,05,18,331590.0,3301560.0
20030518,2003,05,18,331620.0,3301560.0
20030518,2003,05,18,331620.0,3301530.0
20030518,2003,05,18,331650.0,3301530.0
20030518,2003,05,18,331650.0,3301500.0
20030518,2003,05,18,331680.0,3301500.0
20030518,2003,05,18,331680.0,3301470.0
20030518,2003,05,18,331710.0,3301470.0
20030518,2003,05,18,331710.0,3301440.0
20030518,2003,05,18,331740.0,3301440.0
20030518,2003,05,18,331740.0,3301410.0
20030518,2003,05,18,331740.0,3301380.0
20030518,2003,05,18,331770.0,3301380.0
20030518,2003,05,18,331770.0,3301350.0
20030518,2003,05,18,331800.0,3301350.0
20030518,2003,05,18,331800.0,3301320.0
20030518,2003,05,18,331800.0,3301290.0
20030518,2003,05,18,331830.0,3301290.0
20030518,2003,05,18,331830.0,3301260.0
20030518,2003,05,18,331830.0,3301230.0
20030518,2003,05,18,331860.0,3301200.0
20030518,2003,05,18,331860.0,3301170.0
20030518,2003,05,18,331860.0,3301140.0
20030518,2003,05,18,331860.0,3301110.0
20030518,2003,05,18,331860.0,3301080.0
20030518,2003,05,18,331890.0,3301050.0
20030518,2003,05,18,331890.0,3301020.0
20030518,2003,05,18,331890.0,3300990.0
20030518,2003,05,18,331890.0,3300960.0
20030518,2003,05,18,331890.0,3300930.0
20030518,2003,05,18,331860.0,3300900.0
20030518,2003,05,18,331860.0,3300870.0
20030518,2003,05,18,331860.0,3300840.0
20030518,2003,05,18,331860.0,3300810.0
20030518,2003,05,18,331860.0,3300780.0
20030518,2003,05,18,331830.0,3300750.0
20030518,2003,05,18,331830.0,3300720.0
20030518,2003,05,18,331830.0,3300690.0
20030518,2003,05,18,331830.0,3300660.0
20030518,2003,05,18,331830.0,3300630.0
20030518,2003,05,18,331830.0,3300600.0
20030518,2003,05,18,331830.0,3300570.0
20030518,2003,05,18,331830.0,3300540.0
20030518,2003,05,18,331830.0,3300510.0
20030518,2003,05,18,331830.0,3300480.0
20030518,2003,05,18,331860.0,3300450.0
20030518,2003,05,18,331860.0,3300420.0
20030518,2003,05,18,331860.0,3300390.0
20030518,2003,05,18,331890.0,3300360.0
20030518,2003,05,18,331890.0,3300330.0
20030518,2003,05,18,331890.0,3300300.0
20030518,2003,05,18,331920.0,3300300.0
20030518,2003,05,18,331920.0,3300270.0
20030518,2003,05,18,331920.0,3300240.0
20030518,2003,05,18,331920.0,3300210.0
20030518,2003,05,18,331950.0,3300210.0
20030518,2003,05,18,331950.0,3300180.0
20030518,2003,05,18,331980.0,3300180.0
20030518,2003,05,18,331980.0,3300150.0
20030518,2003,05,18,331980.0,3300120.0
20030518,2003,05,18,332010.0,3300120.0
20030518,2003,05,18,332010.0,3300090.0
20030518,2003,05,18,332010.0,3300060.0
20030518,2003,05,18,332040.0,3300060.0
20030518,2003,05,18,332040.0,3300030.0
20030518,2003,05,18,332070.0,3300030.0
20030518,2003,05,18,332070.0,3300000.0
20030518,2003,05,18,332070.0,3299970.0
20030518,2003,05,18,332100.0,3299970.0
20030518,2003,05,18,332100.0,3299940.0
20030518,2003,05,18,332130.0,3299940.0
20030518,2003,05,18,332130.0,3299910.0
20030518,2003,05,18,332130.0,3299880.0
20030518,2003,05,18,332160.0,3299880.0
20030518,2003,05,18,332160.0,3299850.0
20030518,2003,05,18,332190.0,3299850.0
20030518,2003,05,18,332190.0,3299820.0
20030518,2003,05,18,332220.0,3299820.0
20030518,2003,05,18,332220.0,3299790.0
20030518,2003,05,18,332220.0,3299760.0
20030518,2003,05,18,332250.0,3299760.0
20030518,2003,05,18,332250.0,3299730.0
20030518,2003,05,18,332280.0,3299730.0
20030518,2003,05,18,332280.0,3299700.0
20030518,2003,05,18,332310.0,3299700.0
20030518,2003,05,18,332310.0,3299670.0
20030518,2003,05,18,332340.0,3299670.0
20030518,2003,05,18,332340.0,3299640.0
20030518,2003,05,18,332340.0,3299610.0
20030518,2003,05,18,332370.0,3299610.0
20030518,2003,05,18,332370.0,3299580.0
20030518,2003,05,18,332400.0,3299580.0
20030518,2003,05,18,332400.0,3299550.0
20030518,2003,05,18,332430.0,3299550.0
20030518,2003,05,18,332430.0,3299520.0
20030518,2003,05,18,332430.0,3299490.0
20030518,2003,05,18,332460.0,3299490.0
20030518,2003,05,18,332460.0,3299460.0
20030518,2003,05,18,332490.0,3299460.0
20030518,2003,05,18,332490.0,3299430.0
20030518,2003,05,18,332520.0,3299430.0
20030518,2003,05,18,332520.0,3299400.0
20030518,2003,05,18,332550.0,3299400.0
20030518,2003,05,18,332550.0,3299370.0
20030518,2003,05,18,332580.0,3299370.0
20030518,2003,05,18,332610.0,3299370.0
20030518,2003,05,18,332610.0,3299340.0
20030518,2003,05,18,332640.0,3299340.0
20030518,2003,05,18,332640.0,3299310.0
20030518,2003,05,18,332670.0,3299310.0
20030518,2003,05,18,332670.0,3299280.0
20030518,2003,05,18,332700.0,3299280.0
20030518,2003,05,18,332700.0,3299250.0
20030518,2003,05,18,332730.0,3299250.0
20030518,2003,05,18,332760.0,3299250.0
20030518,2003,05,18,332760.0,3299220.0
20030518,2003,05,18,332790.0,3299220.0
20030518,2003,05,18,332820.0,3299190.0
20030518,2003,05,18,332850.0,3299190.0
20030518,2003,05,18,332850.0,3299160.0
20030518,2003,05,18,332880.0,3299160.0
20030518,2003,05,18,332910.0,3299160.0
20030518,2003,05,18,332910.0,3299130.0
20030518,2003,05,18,332940.0,3299130.0
20030518,2003,05,18,332970.0,3299130.0
20030518,2003,05,18,332970.0,3299100.0
20030518,2003,05,18,333000.0,3299100.0
20030518,2003,05,18,333030.0,3299100.0
20030518,2003,05,18,333030.0,3299070.0
20030518,2003,05,18,333060.0,3299070.0
20030518,2003,05,18,333090.0,3299070.0
20030518,2003,05,18,333090.0,3299040.0
20030518,2003,05,18,333120.0,3299040.0
20030518,2003,05,18,333120.0,3299010.0
20030518,2003,05,18,333150.0,3299010.0
20030518,2003,05,18,333150.0,3298980.0
20030518,2003,05,18,333180.0,3298980.0
20030518,2003,05,18,333180.0,3298950.0
20030518,2003,05,18,333210.0,3298950.0
20030518,2003,05,18,333210.0,3298920.0
20030518,2003,05,18,333210.0,3298890.0
20030518,2003,05,18,333240.0,3298890.0
20030518,2003,05,18,333240.0,3298860.0
20030518,2003,05,18,333240.0,3298830.0
20030518,2003,05,18,333270.0,3298800.0
20030518,2003,05,18,333270.0,3298770.0
20030518,2003,05,18,333240.0,3298740.0
20030518,2003,05,18,333240.0,3298710.0
20030518,2003,05,18,333240.0,3298680.0
20030518,2003,05,18,333240.0,3298650.0
20030518,2003,05,18,333240.0,3298620.0
20030518,2003,05,18,333240.0,3298590.0
20030518,2003,05,18,333240.0,3298560.0
20030518,2003,05,18,333210.0,3298530.0
20030518,2003,05,18,333210.0,3298500.0
20030518,2003,05,18,333210.0,3298470.0
20030518,2003,05,18,333180.0,3298440.0
20030518,2003,05,18,333180.0,3298410.0
20030518,2003,05,18,333150.0,3298380.0
20030518,2003,05,18,333150.0,3298350.0
20030518,2003,05,18,333150.0,3298320.0
20030518,2003,05,18,333120.0,3298290.0
20030518,2003,05,18,333120.0,3298260.0
20030518,2003,05,18,333120.0,3298230.0
20030518,2003,05,18,333120.0,3298200.0
20030518,2003,05,18,333120.0,3298170.0
20030518,2003,05,18,333120.0,3298140.0
20030518,2003,05,18,333150.0,3298110.0
20030518,2003,05,18,333150.0,3298080.0
20030518,2003,05,18,333180.0,3298080.0
20030518,2003,05,18,333180.0,3298050.0
20030518,2003,05,18,333180.0,3298020.0
20030518,2003,05,18,333210.0,3298020.0
20030518,2003,05,18,333210.0,3297990.0
20030518,2003,05,18,333240.0,3297990.0
20030518,2003,05,18,333240.0,3297960.0
20030518,2003,05,18,333270.0,3297960.0
20030518,2003,05,18,333270.0,3297930.0
20030518,2003,05,18,333300.0,3297930.0
20030518,2003,05,18,333300.0,3297900.0
20030518,2003,05,18,333330.0,3297900.0
20030518,2003,05,18,333330.0,3297870.0
20030518,2003,05,18,333360.0,3297870.0
20030518,2003,05,18,333360.0,3297840.0
20030518,2003,05,18,333390.0,3297840.0
20030518,2003,05,18,333390.0,3297810.0
20030518,2003,05,18,333420.0,3297810.0
20030518,2003,05,18,333420.0,3297780.0
20030518,2003,05,18,333450.0,3297780.0
20030518,2003,05,18,333450.0,3297750.0
20030518,2003,05,18,333480.0,3297750.0
20030518,2003,05,18,333480.0,3297720.0
20030518,2003,05,18,333510.0,3297720.0
20030518,2003,05,18,333510.0,3297690.0
20030518,2003,05,18,333540.0,3297690.0
20030518,2003,05,18,333540.0,3297660.0
20030518,2003,05,18,333570.0,3297660.0
20030518,2003,05,18,333570.0,3297630.0
20030518,2003,05,18,333600.0,3297630.0
20030518,2003,05,18,333630.0,3297630.0
20030518,2003,05,18,333630.0,3297600.0
20030518,2003,05,18,333660.0,3297600.0
20030518,2003,05,18,333660.0,3297570.0
20030518,2003,05,18,333690.0,3297570.0
20030518,2003,05,18,333690.0,3297540.0
20030518,2003,05,18,333720.0,3297540.0
20030518,2003,05,18,333720.0,3297510.0
20030518,2003,05,18,333750.0,3297510.0
20030518,2003,05,18,333750.0,3297480.0
20030518,2003,05,18,333780.0,3297480.0
20030518,2003,05,18,333780.0,3297450.0
20030518,2003,05,18,333810.0,3297450.0
20030518,2003,05,18,333840.0,3297450.0
20030518,2003,05,18,333840.0,3297420.0
20030518,2003,05,18,333870.0,3297420.0
20030518,2003,05,18,333870.0,3297390.0
20030518,2003,05,18,333900.0,3297390.0
20030518,2003,05,18,333900.0,3297360.0
20030518,2003,05,18,333930.0,3297360.0
20030518,2003,05,18,333930.0,3297330.0
20030518,2003,05,18,333960.0,3297330.0
20030518,2003,05,18,333990.0,3297330.0
20030518,2003,05,18,333990.0,3297300.0
20030518,2003,05,18,334020.0,3297300.0
20030518,2003,05,18,334020.0,3297270.0
20030518,2003,05,18,334050.0,3297270.0
20030518,2003,05,18,334050.0,3297240.0
20030518,2003,05,18,334080.0,3297240.0
20030518,2003,05,18,334110.0,3297240.0
20030518,2003,05,18,334110.0,3297210.0
20030518,2003,05,18,334140.0,3297210.0
20030518,2003,05,18,334140.0,3297180.0
20030518,2003,05,18,334170.0,3297180.0
20030518,2003,05,18,334200.0,3297180.0
20030518,2003,05,18,334200.0,3297150.0
20030518,2003,05,18,334230.0,3297150.0
20030518,2003,05,18,334230.0,3297120.0
20030518,2003,05,18,334260.0,3297120.0
20030518,2003,05,18,334290.0,3297120.0
20030518,2003,05,18,334290.0,3297090.0
20030518,2003,05,18,334320.0,3297090.0
20030518,2003,05,18,334320.0,3297060.0
20030518,2003,05,18,334350.0,3297060.0
20030518,2003,05,18,334380.0,3297060.0
20030518,2003,05,18,334380.0,3297030.0
20030518,2003,05,18,334410.0,3297030.0
20030518,2003,05,18,334410.0,3297000.0
20030518,2003,05,18,334440.0,3297000.0
20030518,2003,05,18,334470.0,3297000.0
20030518,2003,05,18,334470.0,3296970.0
20030518,2003,05,18,334500.0,3296970.0
20030518,2003,05,18,334530.0,3296970.0
20030518,2003,05,18,334530.0,3296940.0
20030518,2003,05,18,334560.0,3296940.0
20030518,2003,05,18,334590.0,3296940.0
20030518,2003,05,18,334590.0,3296910.0
20030518,2003,05,18,334620.0,3296910.0
20030518,2003,05,18,334650.0,3296880.0
20030518,2003,05,18,334680.0,3296850.0
20030518,2003,05,18,334710.0,3296850.0
20030518,2003,05,18,334710.0,3296820.0
20030518,2003,05,18,334740.0,3296820.0
20030518,2003,05,18,334740.0,3296790.0
20030518,2003,05,18,334770.0,3296790.0
20030518,2003,05,18,334770.0,3296760.0
20030518,2003,05,18,334800.0,3296760.0
20030518,2003,05,18,334800.0,3296730.0
20030518,2003,05,18,334830.0,3296730.0
20030518,2003,05,18,334830.0,3296700.0
20030518,2003,05,18,334860.0,3296700.0
20030518,2003,05,18,334860.0,3296670.0
20030518,2003,05,18,334890.0,3296670.0
20030518,2003,05,18,334890.0,3296640.0
20030518,2003,05,18,334920.0,3296640.0
20030518,2003,05,18,334920.0,3296610.0
20030518,2003,05,18,334950.0,3296610.0
20030518,2003,05,18,334950.0,3296580.0
20030518,2003,05,18,334980.0,3296580.0
20030518,2003,05,18,334980.0,3296550.0
20030518,2003,05,18,335010.0,3296550.0
20030518,2003,05,18,335010.0,3296520.0
20030518,2003,05,18,335040.0,3296520.0
20030518,2003,05,18,335040.0,3296490.0
20030518,2003,05,18,335040.0,3296460.0
20030518,2003,05,18,335070.0,3296460.0
20030518,2003,05,18,335070.0,3296430.0
20030518,2003,05,18,335070.0,3296400.0
20030518,2003,05,18,335070.0,3296370.0
20030518,2003,05,18,335100.0,3296340.0
20030518,2003,05,18,335100.0,3296310.0
20030518,2003,05,18,335100.0,3296280.0
20030518,2003,05,18,335100.0,3296250.0
20030518,2003,05,18,335130.0,3296220.0
20030518,2003,05,18,335130.0,3296190.0
20030518,2003,05,18,335100.0,3296160.0
20030518,2003,05,18,335100.0,3296130.0
20030518,2003,05,18,335100.0,3296100.0
20030518,2003,05,18,335100.0,3296070.0
20030518,2003,05,18,335100.0,3296040.0
20030518,2003,05,18,335100.0,3296010.0
20030518,2003,05,18,335100.0,3295980.0
20030518,2003,05,18,335100.0,3295950.0
20030518,2003,05,18,335100.0,3295920.0
20030518,2003,05,18,335130.0,3295920.0
20030518,2003,05,18,335130.0,3295890.0
20030518,2003,05,18,335130.0,3295860.0
20030518,2003,05,18,335160.0,3295860.0
20030518,2003,05,18,335190.0,3295860.0
20030518,2003,05,18,335190.0,3295830.0
20030518,2003,05,18,335220.0,3295830.0
20030518,2003,05,18,335250.0,3295800.0
20030518,2003,05,18,335280.0,3295800.0
20030518,2003,05,18,335310.0,3295800.0
20030518,2003,05,18,335340.0,3295800.0
20030518,2003,05,18,335370.0,3295770.0
20030518,2003,05,18,335400.0,3295740.0
20030518,2003,05,18,335430.0,3295740.0
20030518,2003,05,18,335460.0,3295710.0
20030518,2003,05,18,335490.0,3295680.0
20030518,2003,05,18,335520.0,3295680.0
20030518,2003,05,18,335550.0,3295650.0
20030518,2003,05,18,335580.0,3295620.0
20030518,2003,05,18,335610.0,3295620.0
20030518,2003,05,18,335640.0,3295590.0
20030518,2003,05,18,335670.0,3295560.0
20030518,2003,05,18,335700.0,3295560.0
20030518,2003,05,18,335730.0,3295530.0
20030518,2003,05,18,335760.0,3295500.0
20030518,2003,05,18,335790.0,3295500.0
20030518,2003,05,18,335820.0,3295470.0
20030518,2003,05,18,335850.0,3295440.0
20030518,2003,05,18,335880.0,3295440.0
20030518,2003,05,18,335910.0,3295410.0
20030518,2003,05,18,335940.0,3295380.0
20030518,2003,05,18,335970.0,3295380.0
20030518,2003,05,18,336000.0,3295350.0
20030518,2003,05,18,336030.0,3295320.0
20030518,2003,05,18,336060.0,3295320.0
20030518,2003,05,18,336090.0,3295290.0
20030518,2003,05,18,336120.0,3295260.0
20030518,2003,05,18,336150.0,3295260.0
20030518,2003,05,18,336180.0,3295230.0
20030518,2003,05,18,336210.0,3295200.0
20030518,2003,05,18,336240.0,3295200.0
20030518,2003,05,18,336270.0,3295170.0
20030518,2003,05,18,336300.0,3295140.0
20030518,2003,05,18,336330.0,3295140.0
20030518,2003,05,18,336360.0,3295110.0
20030518,2003,05,18,336390.0,3295080.0
20030518,2003,05,18,336420.0,3295080.0
20030518,2003,05,18,336450.0,3295050.0
20030518,2003,05,18,336480.0,3295020.0
20030518,2003,05,18,336510.0,3295020.0
20030518,2003,05,18,336540.0,3294990.0
20030518,2003,05,18,336570.0,3294990.0
20030518,2003,05,18,336570.0,3294960.0
20030518,2003,05,18,336600.0,3294960.0
20030518,2003,05,18,336600.0,3294930.0
20030518,2003,05,18,336630.0,3294900.0
20030518,2003,05,18,336660.0,3294870.0
20030518,2003,05,18,336690.0,3294840.0
20030518,2003,05,18,336720.0,3294840.0
20030518,2003,05,18,336720.0,3294810.0
20030518,2003,05,18,336750.0,3294810.0
20030518,2003,05,18,336750.0,3294780.0
20030518,2003,05,18,336750.0,3294750.0
20030518,2003,05,18,336780.0,3294750.0
20030518,2003,05,18,336780.0,3294720.0
20030518,2003,05,18,336780.0,3294690.0
20030518,2003,05,18,336780.0,3294660.0
20030518,2003,05,18,336780.0,3294630.0
20030518,2003,05,18,336750.0,3294600.0
20030518,2003,05,18,336750.0,3294570.0
20030518,2003,05,18,336750.0,3294540.0
20030518,2003,05,18,336720.0,3294540.0
20030518,2003,05,18,336720.0,3294510.0
20030518,2003,05,18,336690.0,3294510.0
20030518,2003,05,18,336690.0,3294480.0
20030518,2003,05,18,336690.0,3294450.0
20030518,2003,05,18,336660.0,3294450.0
20030518,2003,05,18,336660.0,3294420.0
20030518,2003,05,18,336660.0,3294390.0
20030518,2003,05,18,336630.0,3294390.0
20030518,2003,05,18,336630.0,3294360.0
20030518,2003,05,18,336630.0,3294330.0
20030518,2003,05,18,336600.0,3294300.0
20030518,2003,05,18,336600.0,3294270.0
20030518,2003,05,18,336600.0,3294240.0
20030518,2003,05,18,336570.0,3294210.0
20030518,2003,05,18,336570.0,3294180.0
20030518,2003,05,18,336540.0,3294150.0
20030518,2003,05,18,336540.0,3294120.0
20030518,2003,05,18,336540.0,3294090.0
20030518,2003,05,18,336510.0,3294060.0
20030518,2003,05,18,336510.0,3294030.0
20030518,2003,05,18,336510.0,3294000.0
20030518,2003,05,18,336480.0,3293970.0
20030518,2003,05,18,336480.0,3293940.0
20030518,2003,05,18,336480.0,3293910.0
20030518,2003,05,18,336450.0,3293880.0
20030518,2003,05,18,336450.0,3293850.0
20030518,2003,05,18,336420.0,3293820.0
20030518,2003,05,18,336420.0,3293790.0
20030518,2003,05,18,336420.0,3293760.0
20030518,2003,05,18,336390.0,3293730.0
20030518,2003,05,18,336390.0,3293700.0
20030518,2003,05,18,336390.0,3293670.0
20030518,2003,05,18,336360.0,3293640.0
20030518,2003,05,18,336360.0,3293610.0
20030518,2003,05,18,336360.0,3293580.0
20030518,2003,05,18,336360.0,3293550.0
20030518,2003,05,18,336330.0,3293520.0
20030518,2003,05,18,336330.0,3293490.0
20030518,2003,05,18,336330.0,3293460.0
20030518,2003,05,18,336300.0,3293430.0
20030518,2003,05,18,336300.0,3293400.0
20030518,2003,05,18,336270.0,3293370.0
20030518,2003,05,18,336270.0,3293340.0
20030518,2003,05,18,336270.0,3293310.0
20030518,2003,05,18,336270.0,3293280.0
20030518,2003,05,18,336240.0,3293250.0
20030518,2003,05,18,336240.0,3293220.0
20030518,2003,05,18,336240.0,3293190.0
20030518,2003,05,18,336240.0,3293160.0
20030518,2003,05,18,336210.0,3293130.0
20030518,2003,05,18,336210.0,3293100.0
20030518,2003,05,18,336210.0,3293070.0
20030518,2003,05,18,336180.0,3293040.0
20030518,2003,05,18,336180.0,3293010.0
20030518,2003,05,18,336180.0,3292980.0
20030518,2003,05,18,336150.0,3292950.0
20030518,2003,05,18,336150.0,3292920.0
20030518,2003,05,18,336120.0,3292890.0
20030518,2003,05,18,336120.0,3292860.0
20030518,2003,05,18,336120.0,3292830.0
20030518,2003,05,18,336090.0,3292830.0
20030518,2003,05,18,336090.0,3292800.0
20030518,2003,05,18,336060.0,3292800.0
20030518,2003,05,18,336060.0,3292770.0
20030518,2003,05,18,336060.0,3292740.0
20030518,2003,05,18,336030.0,3292740.0
20030518,2003,05,18,336030.0,3292710.0
20030518,2003,05,18,336000.0,3292710.0
20030518,2003,05,18,336000.0,3292680.0
20030518,2003,05,18,336000.0,3292650.0
20030518,2003,05,18,335970.0,3292650.0
20030518,2003,05,18,335970.0,3292620.0
20030518,2003,05,18,335940.0,3292620.0
20030518,2003,05,18,335940.0,3292590.0
20030518,2003,05,18,335940.0,3292560.0
20030518,2003,05,18,335910.0,3292560.0
20030518,2003,05,18,335910.0,3292530.0
20030518,2003,05,18,335880.0,3292530.0
20030518,2003,05,18,335880.0,3292500.0
20030518,2003,05,18,335880.0,3292470.0
20030518,2003,05,18,335850.0,3292470.0
20030518,2003,05,18,335850.0,3292440.0
20030518,2003,05,18,335820.0,3292440.0
20030518,2003,05,18,335820.0,3292410.0
20030518,2003,05,18,335790.0,3292380.0
20030518,2003,05,18,335850.0,3292440.0
20030518,2003,05,18,335850.0,3292470.0
20030518,2003,05,18,335880.0,3292470.0
20030518,2003,05,18,335880.0,3292500.0
